4616300.000000 1815000.000000 2880.000000 0.566850
4623200.000000 1801700.000000 2880.000000 -0.912520
4610200.000000 1806300.000000 2540.000000 -1.500300
4623900.000000 1817500.000000 3390.000000 0.601920
4617400.000000 1806700.000000 2710.000000 1.789700
4625400.000000 1807100.000000 3220.000000 0.640560
4610200.000000 1817100.000000 2370.000000 0.654790
4613100.000000 1803000.000000 2540.000000 -1.632800
4623200.000000 1813400.000000 3900.000000 -5.251800
4610600.000000 1810900.000000 2540.000000 -1.636100
4619200.000000 1820000.000000 2710.000000 0.629520
4623600.000000 1810900.000000 3560.000000 3.618300
4620700.000000 1804200.000000 2880.000000 0.220010
4615600.000000 1812500.000000 3050.000000 2.385200
4618900.000000 1810900.000000 3220.000000 14.865000
4614900.000000 1819600.000000 2540.000000 -1.339400
4615300.000000 1802200.000000 2540.000000 -1.536200
4626800.000000 1813800.000000 3560.000000 -0.210350
4625000.000000 1820400.000000 2880.000000 -0.319100
4614900.000000 1805500.000000 2540.000000 -0.929680
4626800.000000 1803000.000000 2710.000000 1.289100
4620300.000000 1816700.000000 3390.000000 2.834300
4613100.000000 1808400.000000 2540.000000 -0.310380
4622100.000000 1807100.000000 3050.000000 2.392500
4610200.000000 1803000.000000 2540.000000 -1.600500
4612000.000000 1815000.000000 2200.000000 -0.268120
4617800.000000 1803000.000000 2710.000000 -0.814070
4626100.000000 1818300.000000 3050.000000 1.219800
4625700.000000 1811300.000000 3730.000000 0.346670
4610900.000000 1820400.000000 2030.000000 0.445400
4621000.000000 1819200.000000 3050.000000 -0.014939
4620700.000000 1814200.000000 3390.000000 2.499700
4619200.000000 1808400.000000 3220.000000 11.400000
4620700.000000 1800900.000000 2880.000000 -0.705890
4613100.000000 1805500.000000 2540.000000 -1.918700
4626400.000000 1800900.000000 2880.000000 -0.852210
4625400.000000 1805100.000000 3050.000000 -0.071669
4612400.000000 1800900.000000 2540.000000 -0.600360
4618100.000000 1817500.000000 2880.000000 1.600100
4616000.000000 1809600.000000 2880.000000 4.038300
4618100.000000 1813800.000000 3390.000000 6.518000
4610200.000000 1808800.000000 2540.000000 -0.732280
4611700.000000 1810900.000000 2540.000000 -0.466980
4621400.000000 1811700.000000 3730.000000 -18.682000
4615300.000000 1817500.000000 2540.000000 -0.294130
4610900.000000 1814200.000000 2200.000000 0.059932
4613100.000000 1819200.000000 2370.000000 1.007700
4627200.000000 1815400.000000 3220.000000 0.607280
4616700.000000 1820000.000000 2540.000000 0.210980
4619200.000000 1802200.000000 2880.000000 -1.262000
4622100.000000 1808400.000000 3220.000000 4.079900
4610200.000000 1801700.000000 2540.000000 -1.376600
4622500.000000 1804200.000000 2880.000000 -0.126940
4626400.000000 1808400.000000 3560.000000 0.106740
4624300.000000 1809200.000000 3390.000000 1.728000
4624300.000000 1815800.000000 3560.000000 3.109900
4616700.000000 1800900.000000 2710.000000 -0.458380
4623200.000000 1820400.000000 3050.000000 -0.066109
4616700.000000 1811300.000000 2880.000000 7.013200
4627200.000000 1805900.000000 3050.000000 0.830950
4617800.000000 1804200.000000 2710.000000 -0.800770
4625700.000000 1802200.000000 2880.000000 -0.713610
4623200.000000 1806300.000000 3050.000000 1.595300
4611700.000000 1805900.000000 2710.000000 -2.209400
4616000.000000 1803800.000000 2540.000000 -1.312700
4619600.000000 1805100.000000 2880.000000 1.113100
4617800.000000 1815000.000000 3220.000000 3.433200
4613800.000000 1816700.000000 2540.000000 -0.054596
4627200.000000 1819200.000000 3050.000000 1.584000
4619600.000000 1807100.000000 2880.000000 3.267800
4614500.000000 1814600.000000 2710.000000 -0.532730
4612700.000000 1807100.000000 2710.000000 -3.012000
4622100.000000 1817500.000000 3390.000000 2.048600
4612700.000000 1817500.000000 2370.000000 1.083400
4627200.000000 1810900.000000 3730.000000 -0.057847
4624600.000000 1812500.000000 3900.000000 2.653500
4624600.000000 1800900.000000 2880.000000 -0.678540
4626400.000000 1816700.000000 3220.000000 1.074000
4615600.000000 1808800.000000 2710.000000 1.655100
4619200.000000 1818300.000000 3050.000000 0.281700
4612000.000000 1804200.000000 2540.000000 -2.153200
4613800.000000 1812500.000000 2540.000000 1.121300
4620700.000000 1810000.000000 3220.000000 11.374000
4614500.000000 1810900.000000 2710.000000 1.417100
4610900.000000 1812900.000000 2370.000000 0.144070
4621400.000000 1802200.000000 2880.000000 -0.911220
4614900.000000 1803800.000000 2540.000000 -1.111800
4618100.000000 1809200.000000 3050.000000 15.030000
4611300.000000 1807600.000000 2540.000000 -2.013900
4616300.000000 1813800.000000 3050.000000 2.383800
4621000.000000 1815400.000000 3560.000000 8.677200
4625400.000000 1813800.000000 3560.000000 3.030000
4616700.000000 1816700.000000 2880.000000 0.722560
4619600.000000 1813800.000000 3390.000000 8.474900
4611700.000000 1809200.000000 2540.000000 -1.375600
4621000.000000 1805500.000000 2880.000000 1.588900
4613800.000000 1800900.000000 2540.000000 -0.786550
4617400.000000 1818700.000000 2880.000000 -1.894100
4612400.000000 1820400.000000 2030.000000 0.223290
4617800.000000 1800900.000000 2710.000000 -0.978780
4618900.000000 1812500.000000 3390.000000 9.238600
4624300.000000 1803000.000000 2880.000000 -0.023519
4622100.000000 1810500.000000 3560.000000 1.541900
4623200.000000 1809200.000000 3390.000000 3.610500
4610900.000000 1800900.000000 2540.000000 -1.232100
4622100.000000 1813800.000000 4070.000000 -17.330000
4617800.000000 1820400.000000 2540.000000 0.468160
4614200.000000 1806700.000000 2710.000000 -1.323300
4616000.000000 1807600.000000 2710.000000 1.194200
4623600.000000 1807600.000000 3050.000000 1.828100
4625700.000000 1809600.000000 3730.000000 -0.530210
4625000.000000 1818300.000000 3050.000000 0.639720
4614200.000000 1818300.000000 2370.000000 0.721310
4620300.000000 1820400.000000 2880.000000 -0.097389
4625700.000000 1803800.000000 2880.000000 -0.251820
4622500.000000 1816300.000000 3730.000000 7.398500
4627200.000000 1809600.000000 3900.000000 -2.457200
4625700.000000 1815000.000000 3390.000000 1.688000
4619200.000000 1815400.000000 3390.000000 4.487800
4617800.000000 1810500.000000 3050.000000 15.670000
4620700.000000 1812900.000000 3730.000000 -21.691000
4610900.000000 1815800.000000 2030.000000 0.176610
4610200.000000 1818700.000000 1860.000000 0.003701
4620000.000000 1817900.000000 3220.000000 -0.362630
4612400.000000 1813800.000000 2370.000000 -0.007157
4622500.000000 1800900.000000 2880.000000 -0.637040
4622800.000000 1812100.000000 3730.000000 -8.453500
4614200.000000 1808000.000000 2710.000000 -1.110300
4622800.000000 1818700.000000 3050.000000 1.945500
4625700.000000 1812500.000000 3730.000000 1.018200
4624600.000000 1805900.000000 3050.000000 1.298500
4626800.000000 1820400.000000 3050.000000 0.726250
4625400.000000 1816700.000000 3220.000000 1.808800
4619200.000000 1803400.000000 2880.000000 -0.745240
4618500.000000 1805900.000000 2710.000000 1.796300
4619600.000000 1800900.000000 2880.000000 -2.143200
4619600.000000 1809600.000000 3220.000000 16.558000
4616000.000000 1818700.000000 2540.000000 -0.362070
4615600.000000 1810900.000000 2710.000000 3.274000
4622800.000000 1815000.000000 3900.000000 1.556200
4620300.000000 1806300.000000 3050.000000 2.172300
4610600.000000 1804600.000000 2710.000000 -1.781900
4623900.000000 1804200.000000 2880.000000 0.780770
4626400.000000 1806300.000000 3050.000000 0.918180
4621800.000000 1820400.000000 2880.000000 0.844320
4627200.000000 1812100.000000 3560.000000 1.892200
4626100.000000 1819600.000000 2880.000000 0.600830
4617400.000000 1812500.000000 3220.000000 8.286800
4614900.000000 1800900.000000 2540.000000 -1.400400
4620700.000000 1803000.000000 2880.000000 -0.657110
4613500.000000 1811300.000000 2710.000000 -0.339340
4616000.000000 1806700.000000 2710.000000 0.058172
4616700.000000 1805500.000000 2710.000000 -1.010700
4615300.000000 1815800.000000 2710.000000 1.289800
4610200.000000 1812500.000000 2540.000000 -0.990170
4611300.000000 1803000.000000 2540.000000 -1.353500
4612400.000000 1812500.000000 2370.000000 1.018600
4618500.000000 1816700.000000 3050.000000 0.733520
4627200.000000 1817500.000000 3050.000000 0.626150
4624300.000000 1814200.000000 3730.000000 6.387900
4613800.000000 1804600.000000 2540.000000 -1.311000
4617100.000000 1808400.000000 2880.000000 7.926600
4614200.000000 1802200.000000 2540.000000 -1.733000
4618100.000000 1808000.000000 3050.000000 6.659400
4623900.000000 1819200.000000 3050.000000 -0.615350
4622500.000000 1803000.000000 2880.000000 -0.058602
4625400.000000 1808400.000000 3390.000000 -0.011752
4624600.000000 1810500.000000 3730.000000 3.124800
4627200.000000 1801700.000000 2710.000000 -0.828070
4627200.000000 1804200.000000 2880.000000 -0.097116
4622500.000000 1805500.000000 3050.000000 0.618820
4627200.000000 1807600.000000 3390.000000 0.822550
4609800.000000 1815000.000000 2370.000000 0.757200
4614200.000000 1809600.000000 2710.000000 0.340840
4612400.000000 1802200.000000 2540.000000 -1.317400
4614200.000000 1813400.000000 2540.000000 1.599300
4613100.000000 1815400.000000 2370.000000 0.876030
4609800.000000 1820000.000000 2370.000000 0.601550
4621000.000000 1808400.000000 3220.000000 6.619700
4611700.000000 1817100.000000 2030.000000 0.495230
4613800.000000 1820400.000000 2200.000000 1.160200
4616700.000000 1802600.000000 2540.000000 -0.313580
4620300.000000 1811700.000000 3560.000000 -18.683000
4611700.000000 1819200.000000 1860.000000 -0.048221
4615600.000000 1820400.000000 2370.000000 -0.198310
4612700.000000 1810000.000000 2540.000000 0.074194
4621000.000000 1817500.000000 3390.000000 0.296460
