4609800.000000 1800500.000000 2540.000000 -1.223400
4609800.000000 1802200.000000 2540.000000 -0.192680
4609800.000000 1803800.000000 2540.000000 -0.947020
4609800.000000 1805500.000000 2710.000000 -1.233200
4609800.000000 1807100.000000 2540.000000 0.194980
4609800.000000 1808800.000000 2540.000000 -1.065300
4609800.000000 1810500.000000 2370.000000 -0.004971
4609800.000000 1812500.000000 2540.000000 -1.108200
4609800.000000 1814200.000000 2370.000000 0.560540
4609800.000000 1815800.000000 2370.000000 -0.326210
4609800.000000 1817500.000000 2200.000000 0.659340
4609800.000000 1819200.000000 2030.000000 0.285680
4609800.000000 1820800.000000 2370.000000 0.242820
4611300.000000 1800500.000000 2540.000000 -0.521600
4611300.000000 1802200.000000 2540.000000 -0.274500
4611300.000000 1803800.000000 2540.000000 -0.929260
4611300.000000 1805500.000000 2710.000000 -2.027500
4611300.000000 1807100.000000 2540.000000 -2.616100
4611300.000000 1808800.000000 2540.000000 -1.584600
4611300.000000 1810500.000000 2540.000000 -1.040300
4611300.000000 1812500.000000 2540.000000 -0.127590
4611300.000000 1814200.000000 2200.000000 1.040900
4611300.000000 1815800.000000 2200.000000 0.698320
4611300.000000 1817500.000000 2030.000000 -0.642890
4611300.000000 1819200.000000 2030.000000 0.459210
4611300.000000 1820800.000000 1860.000000 0.608820
4612700.000000 1800500.000000 2540.000000 -1.342500
4612700.000000 1802200.000000 2540.000000 -1.434200
4612700.000000 1803800.000000 2540.000000 -0.792650
4612700.000000 1805500.000000 2540.000000 -1.327200
4612700.000000 1807100.000000 2710.000000 -3.012000
4612700.000000 1808800.000000 2540.000000 -0.190330
4612700.000000 1810500.000000 2710.000000 -0.423200
4612700.000000 1812500.000000 2370.000000 1.296000
4612700.000000 1814200.000000 2370.000000 0.975350
4612700.000000 1815800.000000 2370.000000 0.499580
4612700.000000 1817500.000000 2370.000000 1.083400
4612700.000000 1819200.000000 2200.000000 -0.109560
4612700.000000 1820800.000000 2030.000000 0.446100
4614200.000000 1800500.000000 2540.000000 -1.283300
4614200.000000 1802200.000000 2540.000000 -1.733000
4614200.000000 1803800.000000 2540.000000 -1.898400
4614200.000000 1805500.000000 2540.000000 -0.913810
4614200.000000 1807100.000000 2710.000000 -1.347900
4614200.000000 1808800.000000 2710.000000 -0.244820
4614200.000000 1810500.000000 2710.000000 1.245400
4614200.000000 1812500.000000 2540.000000 0.672900
4614200.000000 1814200.000000 2540.000000 1.742600
4614200.000000 1815800.000000 2540.000000 -0.351950
4614200.000000 1817500.000000 2370.000000 0.082966
4614200.000000 1819200.000000 2370.000000 0.712160
4614200.000000 1820800.000000 2030.000000 -0.489420
4615600.000000 1800500.000000 2540.000000 -1.703500
4615600.000000 1802200.000000 2540.000000 -1.530200
4615600.000000 1803800.000000 2540.000000 -1.288900
4615600.000000 1805500.000000 2540.000000 -1.048200
4615600.000000 1807100.000000 2710.000000 -0.094535
4615600.000000 1808800.000000 2710.000000 1.655100
4615600.000000 1810500.000000 2710.000000 3.837800
4615600.000000 1812500.000000 3050.000000 2.385200
4615600.000000 1814200.000000 2710.000000 2.134700
4615600.000000 1815800.000000 2710.000000 0.509490
4615600.000000 1817500.000000 2540.000000 -0.892930
4615600.000000 1819200.000000 2540.000000 -0.241630
4615600.000000 1820800.000000 2370.000000 -0.327660
4617100.000000 1800500.000000 2880.000000 -0.962700
4617100.000000 1802200.000000 2710.000000 -1.728100
4617100.000000 1803800.000000 2710.000000 -0.027306
4617100.000000 1805500.000000 2710.000000 -0.037560
4617100.000000 1807100.000000 2710.000000 0.953610
4617100.000000 1808800.000000 3050.000000 9.417800
4617100.000000 1810500.000000 2880.000000 12.802000
4617100.000000 1812500.000000 3390.000000 5.996300
4617100.000000 1814200.000000 3220.000000 2.289600
4617100.000000 1815800.000000 3050.000000 0.880880
4617100.000000 1817500.000000 2880.000000 0.886000
4617100.000000 1819200.000000 2540.000000 0.898440
4617100.000000 1820800.000000 2540.000000 0.430050
4618500.000000 1800500.000000 2710.000000 -2.204700
4618500.000000 1802200.000000 2710.000000 -1.666000
4618500.000000 1803800.000000 2710.000000 -0.990050
4618500.000000 1805500.000000 2710.000000 0.272100
4618500.000000 1807100.000000 2880.000000 3.023000
4618500.000000 1808800.000000 3050.000000 14.608000
4618500.000000 1810500.000000 3220.000000 18.402000
4618500.000000 1812500.000000 3390.000000 12.133000
4618500.000000 1814200.000000 3560.000000 5.231200
4618500.000000 1815800.000000 3220.000000 1.610700
4618500.000000 1817500.000000 3220.000000 -0.755990
4618500.000000 1819200.000000 2710.000000 1.356600
4618500.000000 1820800.000000 2710.000000 -0.998110
4620000.000000 1800500.000000 2880.000000 -0.885760
4620000.000000 1802200.000000 3050.000000 -2.424900
4620000.000000 1803800.000000 2880.000000 -1.313800
4620000.000000 1805500.000000 2880.000000 1.201700
4620000.000000 1807100.000000 3220.000000 3.420500
4620000.000000 1808800.000000 3220.000000 13.834000
4620000.000000 1810500.000000 3390.000000 10.034000
4620000.000000 1812500.000000 3730.000000 -14.997000
4620000.000000 1814200.000000 3390.000000 8.286200
4620000.000000 1815800.000000 3560.000000 4.826100
4620000.000000 1817500.000000 3220.000000 1.128900
4620000.000000 1819200.000000 3050.000000 0.650750
4620000.000000 1820800.000000 2710.000000 -0.314870
4621400.000000 1800500.000000 2880.000000 -0.652140
4621400.000000 1802200.000000 2880.000000 -0.911220
4621400.000000 1803800.000000 2880.000000 0.914590
4621400.000000 1805500.000000 3050.000000 1.459400
4621400.000000 1807100.000000 3050.000000 2.399900
4621400.000000 1808800.000000 3390.000000 8.297000
4621400.000000 1810500.000000 3560.000000 2.093500
4621400.000000 1812500.000000 3730.000000 -26.854000
4621400.000000 1814200.000000 3560.000000 -6.092500
4621400.000000 1815800.000000 3560.000000 8.690100
4621400.000000 1817500.000000 3220.000000 2.142900
4621400.000000 1819200.000000 3050.000000 -0.484860
4621400.000000 1820800.000000 2880.000000 -0.318930
4623200.000000 1800500.000000 2710.000000 -0.472170
4623200.000000 1802200.000000 2880.000000 -0.917420
4623200.000000 1803800.000000 2880.000000 0.576270
4623200.000000 1805500.000000 3050.000000 0.746980
4623200.000000 1807100.000000 3050.000000 1.374700
4623200.000000 1808800.000000 3390.000000 2.340600
4623200.000000 1810500.000000 3560.000000 4.395400
4623200.000000 1812500.000000 3730.000000 -6.999700
4623200.000000 1814200.000000 4070.000000 -2.761800
4623200.000000 1815800.000000 3730.000000 9.271200
4623200.000000 1817500.000000 3390.000000 1.466800
4623200.000000 1819200.000000 3050.000000 0.502960
4623200.000000 1820800.000000 2880.000000 0.369410
4624600.000000 1800500.000000 2880.000000 -0.961160
4624600.000000 1802200.000000 2880.000000 0.192310
4624600.000000 1803800.000000 2880.000000 0.801090
4624600.000000 1805500.000000 3050.000000 0.041935
4624600.000000 1807100.000000 3220.000000 0.520590
4624600.000000 1808800.000000 3390.000000 1.422500
4624600.000000 1810500.000000 3730.000000 3.124800
4624600.000000 1812500.000000 3900.000000 2.653500
4624600.000000 1814200.000000 3730.000000 4.667000
4624600.000000 1815800.000000 3560.000000 2.266100
4624600.000000 1817500.000000 3220.000000 0.668110
4624600.000000 1819200.000000 3050.000000 0.399080
4624600.000000 1820800.000000 2880.000000 1.227500
4626100.000000 1800500.000000 2880.000000 -1.038000
4626100.000000 1802200.000000 2710.000000 0.102350
4626100.000000 1803800.000000 2710.000000 0.870510
4626100.000000 1805500.000000 2880.000000 1.191300
4626100.000000 1807100.000000 3220.000000 0.389150
4626100.000000 1808800.000000 3730.000000 0.241780
4626100.000000 1810500.000000 3730.000000 0.334850
4626100.000000 1812500.000000 3730.000000 1.069600
4626100.000000 1814200.000000 3560.000000 0.808190
4626100.000000 1815800.000000 3220.000000 1.797200
4626100.000000 1817500.000000 3050.000000 1.819200
4626100.000000 1819200.000000 3050.000000 0.751980
4626100.000000 1820800.000000 2880.000000 0.361510
4627500.000000 1800500.000000 2710.000000 0.748690
4627500.000000 1802200.000000 2710.000000 -0.461100
4627500.000000 1803800.000000 2710.000000 0.229310
4627500.000000 1805500.000000 2880.000000 0.737870
4627500.000000 1807100.000000 3220.000000 0.251600
4627500.000000 1808800.000000 3560.000000 -1.051600
4627500.000000 1810500.000000 3900.000000 -2.146100
4627500.000000 1812500.000000 3560.000000 0.228420
4627500.000000 1814200.000000 3390.000000 -0.158150
4627500.000000 1815800.000000 3220.000000 -0.010747
4627500.000000 1817500.000000 3050.000000 0.291950
4627500.000000 1819200.000000 3050.000000 0.122900
4627500.000000 1820800.000000 2880.000000 -0.047836
