4740845.000000 2059912.000000 2575.000000 -96.754230
4741393.000000 2056852.000000 2935.000000 -43.696780
4738379.000000 2058128.000000 2395.000000 -40.354760
4738379.000000 2057362.000000 2575.000000 -50.610760
4741393.000000 2055578.000000 2935.000000 -67.456510
4741667.000000 2058128.000000 2935.000000 -80.196340
4737831.000000 2057618.000000 2395.000000 -23.544450
4737009.000000 2054812.000000 2395.000000 -46.148730
4741941.000000 2054812.000000 2575.000000 -31.731920
4737557.000000 2059402.000000 2935.000000 -109.325000
4738927.000000 2058128.000000 2575.000000 -43.159700
4736461.000000 2055832.000000 2395.000000 -125.301400
4736735.000000 2055578.000000 2395.000000 -53.391580
4737009.000000 2058128.000000 2395.000000 -2.876203
4742215.000000 2056088.000000 2935.000000 -93.749440
4737009.000000 2054558.000000 2395.000000 -23.889410
4736187.000000 2054812.000000 2395.000000 -82.829400
4740023.000000 2058892.000000 2755.000000 -51.465980
4740297.000000 2059402.000000 2755.000000 -47.649200
4739201.000000 2057108.000000 2755.000000 -43.731630
4737557.000000 2055832.000000 2755.000000 -30.044480
4737557.000000 2060168.000000 3115.000000 -110.710300
4736461.000000 2060422.000000 3115.000000 16.014140
4742763.000000 2059658.000000 2395.000000 -86.221240
4740845.000000 2057362.000000 3115.000000 -39.736090
4737283.000000 2056852.000000 2395.000000 -20.184740
4738927.000000 2056088.000000 2935.000000 -31.640090
4742489.000000 2055068.000000 2575.000000 -37.123320
4742763.000000 2059402.000000 2215.000000 -68.113640
4738927.000000 2055832.000000 2935.000000 -39.083190
4739749.000000 2056598.000000 3115.000000 -66.984410
4738927.000000 2057108.000000 2755.000000 -30.495650
4738105.000000 2056598.000000 2575.000000 -35.512540
4742215.000000 2055322.000000 2575.000000 -43.012420
4737557.000000 2056088.000000 2755.000000 -20.022420
4741393.000000 2057362.000000 2755.000000 -18.323980
4739749.000000 2056852.000000 2935.000000 -36.431660
4742763.000000 2057362.000000 2215.000000 -10.951570
4738105.000000 2055832.000000 2755.000000 -19.476330
4742489.000000 2060422.000000 2395.000000 -128.337400
4740297.000000 2055832.000000 3295.000000 -39.308540
4736461.000000 2057872.000000 2395.000000 5.761135
4737009.000000 2057108.000000 2215.000000 -22.509280
4742763.000000 2056342.000000 2755.000000 -73.125860
4739475.000000 2058892.000000 2575.000000 -60.754650
4738379.000000 2056342.000000 2575.000000 -13.633740
4738927.000000 2056852.000000 2935.000000 -72.877230
4741667.000000 2057618.000000 2755.000000 -72.873730
4737009.000000 2055068.000000 2395.000000 -41.573720
4739749.000000 2059148.000000 2575.000000 -42.851040
4742215.000000 2055832.000000 2935.000000 -77.824350
4739201.000000 2055832.000000 3115.000000 -44.656100
4736187.000000 2056852.000000 2215.000000 5.118184
4738927.000000 2056598.000000 2935.000000 -40.350360
4742763.000000 2054302.000000 2215.000000 -55.057780
4739475.000000 2057108.000000 2935.000000 -39.204470
4737557.000000 2056852.000000 2575.000000 -20.836880
4740845.000000 2056598.000000 3295.000000 -67.170430
4738379.000000 2056852.000000 2575.000000 -35.345720
4736461.000000 2055578.000000 2575.000000 -111.308900
4742489.000000 2055322.000000 2575.000000 -35.395090
4741393.000000 2056088.000000 3115.000000 -97.330820
4738105.000000 2058638.000000 2395.000000 -50.247220
4741667.000000 2056598.000000 2755.000000 -33.629200
4742489.000000 2057618.000000 2395.000000 -53.026680
4739475.000000 2054302.000000 2935.000000 -75.629620
4736735.000000 2055832.000000 2215.000000 -62.309990
4738105.000000 2059658.000000 2755.000000 -104.652100
4741941.000000 2056852.000000 2575.000000 -21.600860
4733995.000000 2059148.000000 2395.000000 -6.453476
4735913.000000 2058128.000000 2755.000000 5.492000
4729337.000000 2056342.000000 3115.000000 16.812770
4735913.000000 2056342.000000 2395.000000 -126.260300
4733721.000000 2059402.000000 2215.000000 -2.690171
4731255.000000 2057872.000000 2755.000000 9.635485
4733173.000000 2058128.000000 2035.000000 -5.276807
4733995.000000 2054812.000000 2215.000000 -34.645360
4735639.000000 2055068.000000 2395.000000 -77.788400
4730707.000000 2054812.000000 3115.000000 13.200070
4734817.000000 2057618.000000 2395.000000 4.231490
4732351.000000 2060168.000000 2035.000000 6.931232
4731255.000000 2058638.000000 2215.000000 7.987805
4733721.000000 2058382.000000 2035.000000 -14.545770
4733447.000000 2060168.000000 2215.000000 5.089316
4730159.000000 2059402.000000 2575.000000 -4.229923
4733447.000000 2058128.000000 2035.000000 -10.594010
4735913.000000 2058892.000000 2935.000000 3.930727
4735913.000000 2057872.000000 2575.000000 2.036865
4731803.000000 2056342.000000 2575.000000 2.879124
4732899.000000 2058128.000000 1855.000000 -7.575632
4734543.000000 2060168.000000 2575.000000 -8.957423
4729337.000000 2059402.000000 2395.000000 -0.920425
4735913.000000 2056088.000000 2395.000000 -151.418800
4731255.000000 2059658.000000 2575.000000 -9.967550
4731529.000000 2056342.000000 2755.000000 8.911548
4732351.000000 2055068.000000 2395.000000 2.864768
4730159.000000 2054558.000000 3295.000000 9.606368
4731255.000000 2055578.000000 2935.000000 13.084940
4731255.000000 2056852.000000 2935.000000 13.731700
4735365.000000 2055832.000000 2575.000000 -146.363100
4732351.000000 2059658.000000 2035.000000 6.840920
4729611.000000 2058892.000000 2215.000000 -5.485861
4731255.000000 2055832.000000 2935.000000 6.336367
4731255.000000 2054302.000000 2755.000000 11.845580
4730981.000000 2057362.000000 2755.000000 13.449460
4731803.000000 2055832.000000 2755.000000 7.058320
4734817.000000 2058382.000000 2755.000000 22.481900
4734543.000000 2056088.000000 2215.000000 -53.867910
4730159.000000 2055068.000000 3115.000000 1.554247
4735091.000000 2060168.000000 2755.000000 -4.573554
4733721.000000 2053282.000000 1855.000000 7.130163
4730159.000000 2052518.000000 2935.000000 24.110910
4733995.000000 2053792.000000 2035.000000 0.914512
4729611.000000 2053538.000000 3295.000000 19.556560
4733173.000000 2054048.000000 1855.000000 -12.112670
4731529.000000 2049712.000000 1855.000000 20.221740
4733995.000000 2053282.000000 2035.000000 28.116080
4732351.000000 2049712.000000 1675.000000 13.251240
4729611.000000 2052262.000000 2575.000000 20.996810
4732625.000000 2049712.000000 1675.000000 9.795140
4733173.000000 2052772.000000 2035.000000 15.356210
4734543.000000 2053028.000000 2035.000000 79.410520
4735639.000000 2048948.000000 1675.000000 -10.538660
4730433.000000 2048692.000000 1675.000000 10.175230
4735091.000000 2052518.000000 2035.000000 158.725700
4729611.000000 2050222.000000 2035.000000 16.407600
4729885.000000 2052772.000000 3115.000000 15.437580
4733447.000000 2049968.000000 1495.000000 -3.150937
4735639.000000 2052772.000000 2215.000000 165.198000
4730707.000000 2050478.000000 2035.000000 8.520194
4735365.000000 2049968.000000 2035.000000 -19.219900
4730159.000000 2054048.000000 2935.000000 14.657880
4734817.000000 2052008.000000 1675.000000 98.338200
4735365.000000 2053282.000000 2215.000000 215.858300
4733721.000000 2052772.000000 1855.000000 26.078320
4732077.000000 2048692.000000 2215.000000 26.794670
4732077.000000 2048182.000000 2215.000000 9.140605
4733995.000000 2048182.000000 2035.000000 7.524084
4732351.000000 2047928.000000 2215.000000 16.558660
4729885.000000 2049458.000000 1855.000000 7.126661
4730707.000000 2050222.000000 1855.000000 11.346080
4731255.000000 2049458.000000 1675.000000 11.766310
4730159.000000 2051752.000000 2575.000000 6.394401
4731255.000000 2051242.000000 2395.000000 -11.240750
4729337.000000 2050222.000000 2035.000000 12.777890
4729611.000000 2048438.000000 2035.000000 18.688310
4730433.000000 2050732.000000 2215.000000 7.344610
4731803.000000 2049458.000000 1855.000000 10.854020
4732351.000000 2048182.000000 2215.000000 19.743690
4735365.000000 2049458.000000 1675.000000 -12.653340
4733995.000000 2053028.000000 1855.000000 16.774930
4735639.000000 2049458.000000 1855.000000 -18.634500
4729885.000000 2053028.000000 3295.000000 8.766149
4730159.000000 2050732.000000 2215.000000 10.472320
4735913.000000 2050988.000000 1855.000000 73.809340
4731255.000000 2052518.000000 2935.000000 8.908504
4731529.000000 2048948.000000 1855.000000 15.285630
4730159.000000 2048438.000000 1855.000000 6.483281
4733721.000000 2052518.000000 1855.000000 36.173950
4729611.000000 2050478.000000 2035.000000 15.415290
4734817.000000 2048692.000000 1495.000000 25.915100
4729337.000000 2052518.000000 2755.000000 20.762140
4734543.000000 2051498.000000 1855.000000 50.155630
4730707.000000 2052518.000000 2935.000000 28.136750
4731529.000000 2051242.000000 2215.000000 9.433557
4734269.000000 2050478.000000 1855.000000 14.711770
4732351.000000 2053282.000000 2575.000000 10.846530
4734543.000000 2052772.000000 2035.000000 99.518580
4735091.000000 2048948.000000 1495.000000 13.260680
4733447.000000 2052008.000000 2215.000000 29.131110
4735913.000000 2054048.000000 2395.000000 -43.422130
4735639.000000 2051498.000000 1855.000000 78.229000
4735913.000000 2048948.000000 1855.000000 -15.195960
4735091.000000 2050732.000000 1675.000000 39.630280
4730981.000000 2049202.000000 1675.000000 14.071300
4732625.000000 2051242.000000 1855.000000 11.672850
4732899.000000 2053282.000000 2215.000000 3.933323
4734269.000000 2053538.000000 2035.000000 21.256900
4732077.000000 2048948.000000 2035.000000 20.782180
4735913.000000 2053282.000000 2395.000000 209.275000
4730159.000000 2049712.000000 1855.000000 5.855601
4731529.000000 2050732.000000 2035.000000 2.710638
4731803.000000 2049202.000000 1855.000000 14.817480
4730433.000000 2053028.000000 3115.000000 9.958067
4732899.000000 2054048.000000 2035.000000 -7.669811
4731529.000000 2052772.000000 2935.000000 10.612700
4731529.000000 2050478.000000 1855.000000 6.965098
4735913.000000 2053028.000000 2215.000000 211.066800
4735365.000000 2047928.000000 1495.000000 14.425170
4731803.000000 2051498.000000 2395.000000 0.794039
4730433.000000 2049202.000000 1855.000000 12.036130
4733721.000000 2048438.000000 2035.000000 8.239013
4730159.000000 2050222.000000 2035.000000 14.384810
4735365.000000 2054048.000000 2575.000000 -44.813100
4733721.000000 2054048.000000 1855.000000 -8.252906
4729885.000000 2052008.000000 2575.000000 17.838970
4733173.000000 2048438.000000 2215.000000 7.512804
4733173.000000 2048692.000000 2215.000000 26.489740
4729611.000000 2053792.000000 3295.000000 -7.145756
4735913.000000 2049202.000000 1855.000000 -18.298420
4730981.000000 2047928.000000 1675.000000 20.914830
4732625.000000 2053282.000000 2395.000000 13.379040
4732625.000000 2052772.000000 2395.000000 9.018792
4732899.000000 2050478.000000 1675.000000 4.444662
4729885.000000 2051752.000000 2395.000000 15.716550
4731255.000000 2053282.000000 2935.000000 5.817390
4733447.000000 2051498.000000 2035.000000 20.641420
4732077.000000 2051498.000000 2215.000000 1.359592
4730707.000000 2048182.000000 1675.000000 7.540971
4729611.000000 2048948.000000 1855.000000 0.206399
4734817.000000 2054048.000000 2395.000000 -11.078740
4735913.000000 2050732.000000 1675.000000 80.233140
4732899.000000 2050732.000000 1855.000000 21.977420
4729337.000000 2048182.000000 2215.000000 9.904303
4730159.000000 2053282.000000 3115.000000 10.959070
4731529.000000 2048182.000000 2035.000000 10.828350
4732625.000000 2049202.000000 1855.000000 11.914750
4732077.000000 2050988.000000 2035.000000 2.060403
4730707.000000 2048692.000000 1675.000000 14.705400
4733173.000000 2048948.000000 2035.000000 10.318600
4732351.000000 2051752.000000 2215.000000 -0.825116
4734817.000000 2048948.000000 1495.000000 7.895860
4733173.000000 2050478.000000 1675.000000 6.235449
4730159.000000 2048948.000000 1855.000000 5.084856
4733173.000000 2049712.000000 1675.000000 9.001170
4730707.000000 2049458.000000 1855.000000 16.884460
4735639.000000 2053282.000000 2215.000000 197.263000
4730159.000000 2047928.000000 1855.000000 8.103778
4733995.000000 2051242.000000 2215.000000 39.948340
4735365.000000 2052262.000000 2035.000000 141.556000
4734817.000000 2049712.000000 1675.000000 1.459434
4729885.000000 2047928.000000 2035.000000 13.894750
4734543.000000 2052262.000000 1675.000000 92.534490
4735091.000000 2052772.000000 2035.000000 159.530900
4732625.000000 2052008.000000 2215.000000 9.598199
4735639.000000 2050732.000000 1495.000000 77.794490
4735091.000000 2048182.000000 1495.000000 10.707190
4731803.000000 2048948.000000 2035.000000 18.459160
4732899.000000 2047928.000000 2395.000000 9.734504
4732351.000000 2050222.000000 1675.000000 4.187961
4733447.000000 2050988.000000 2035.000000 7.305796
4735091.000000 2053028.000000 2035.000000 212.282400
4730159.000000 2052772.000000 3115.000000 20.181680
4730433.000000 2050222.000000 2035.000000 7.386034
4735639.000000 2053792.000000 2395.000000 -12.673830
4733447.000000 2053538.000000 1855.000000 3.799485
4734269.000000 2050732.000000 2035.000000 36.707510
4731255.000000 2051498.000000 2575.000000 6.177249
4733721.000000 2050478.000000 1855.000000 11.891060
4733447.000000 2049712.000000 1675.000000 16.852640
4731529.000000 2054048.000000 2575.000000 5.072054
4732351.000000 2054048.000000 2215.000000 0.122110
4730159.000000 2050988.000000 2215.000000 17.750660
4734817.000000 2050988.000000 1855.000000 20.644430
4734543.000000 2050988.000000 2035.000000 28.752530
4735913.000000 2051498.000000 1855.000000 90.162150
4732899.000000 2051752.000000 2215.000000 23.401380
4732625.000000 2049968.000000 1495.000000 -5.342699
4734817.000000 2051242.000000 1675.000000 13.613860
4733995.000000 2048438.000000 1855.000000 19.445500
4735365.000000 2053028.000000 2215.000000 166.273300
4732077.000000 2053028.000000 2575.000000 13.253010
4735913.000000 2052518.000000 2215.000000 153.670500
4734269.000000 2052772.000000 1855.000000 65.791300
4730433.000000 2053282.000000 3115.000000 21.045580
4730981.000000 2052008.000000 2575.000000 21.047580
4730981.000000 2053538.000000 2755.000000 11.630480
4730981.000000 2051498.000000 2395.000000 14.776280
4734269.000000 2050222.000000 1855.000000 31.400910
4731803.000000 2050988.000000 2035.000000 -0.028675
4735091.000000 2051752.000000 1675.000000 110.338000
4731529.000000 2053028.000000 2935.000000 17.142790
4729337.000000 2049712.000000 1855.000000 17.146840
4735913.000000 2052008.000000 2035.000000 133.773000
4730159.000000 2052262.000000 2755.000000 7.706050
4731803.000000 2053028.000000 2935.000000 14.366950
4733447.000000 2049202.000000 1855.000000 18.727660
4733995.000000 2049458.000000 1495.000000 27.274430
4732077.000000 2049458.000000 1855.000000 13.870380
4733173.000000 2048182.000000 2395.000000 16.055610
4729337.000000 2052262.000000 2575.000000 13.129620
4731803.000000 2053538.000000 2755.000000 15.158020
4729337.000000 2053792.000000 3295.000000 12.381070
4732899.000000 2048182.000000 2395.000000 30.180550
4729885.000000 2051242.000000 2215.000000 8.908139
4732077.000000 2051242.000000 2215.000000 5.383265
4730981.000000 2050732.000000 2035.000000 13.554860
4731529.000000 2049458.000000 1675.000000 10.561250
4730981.000000 2051752.000000 2575.000000 19.381400
4733721.000000 2049712.000000 1675.000000 31.436430
4735091.000000 2051242.000000 1495.000000 68.936190
4729337.000000 2047928.000000 2215.000000 2.551700
4734269.000000 2051242.000000 2215.000000 31.992520
4735365.000000 2049202.000000 1675.000000 -7.854707
4729337.000000 2049202.000000 1855.000000 3.586936
4733447.000000 2052262.000000 1855.000000 17.497770
4734269.000000 2048182.000000 1855.000000 8.453470
4730433.000000 2047928.000000 1675.000000 18.092540
4733173.000000 2050222.000000 1675.000000 13.560530
4729337.000000 2053028.000000 3115.000000 15.792530
4732351.000000 2053792.000000 2395.000000 -1.109057
4731255.000000 2049968.000000 1855.000000 11.825460
4730707.000000 2047928.000000 1675.000000 3.947078
4735091.000000 2053282.000000 2215.000000 238.045700
4732899.000000 2049458.000000 1855.000000 14.064410
4735639.000000 2049202.000000 1855.000000 -7.968668
4732077.000000 2048438.000000 2215.000000 11.532650
4730159.000000 2049968.000000 1855.000000 15.047410
4732351.000000 2050478.000000 1675.000000 6.672339
4735365.000000 2053538.000000 2575.000000 87.813690
4729611.000000 2049458.000000 1855.000000 2.339630
4730433.000000 2051752.000000 2575.000000 14.953270
4735639.000000 2052008.000000 2035.000000 114.504300
4730981.000000 2049458.000000 1675.000000 15.599150
4731529.000000 2050988.000000 2215.000000 5.036376
4735913.000000 2053538.000000 2575.000000 68.295570
4738927.000000 2051752.000000 2035.000000 7.839691
4742215.000000 2054048.000000 2395.000000 -56.871620
4737009.000000 2049202.000000 1675.000000 -11.990040
4741941.000000 2052262.000000 2035.000000 -53.831600
4740023.000000 2048692.000000 2215.000000 19.175850
4736461.000000 2053028.000000 2215.000000 252.232400
4740845.000000 2051242.000000 1855.000000 -22.449910
4739749.000000 2052008.000000 2035.000000 -49.543240
4738927.000000 2050222.000000 1675.000000 -2.861620
4740023.000000 2052772.000000 2215.000000 -76.666030
4741119.000000 2050988.000000 2035.000000 -24.768220
4737283.000000 2052772.000000 2395.000000 144.364600
4740571.000000 2050222.000000 2035.000000 30.697710
4739749.000000 2050222.000000 1675.000000 7.391727
4736187.000000 2052262.000000 2035.000000 131.535100
4740297.000000 2048438.000000 2215.000000 25.492920
4741941.000000 2052518.000000 2215.000000 -91.266460
4737557.000000 2048182.000000 1315.000000 23.978590
4738927.000000 2053538.000000 2575.000000 -29.626110
4738105.000000 2052518.000000 2395.000000 26.286910
4741393.000000 2049968.000000 2215.000000 17.215940
4739475.000000 2053282.000000 2215.000000 -77.664750
4736461.000000 2052518.000000 2035.000000 178.396200
4738653.000000 2052262.000000 2395.000000 17.782630
4740297.000000 2053028.000000 2575.000000 -38.494280
4739475.000000 2051242.000000 1855.000000 -7.109809
4742215.000000 2049712.000000 2035.000000 -35.685850
4740023.000000 2051752.000000 2215.000000 -68.575650
4737557.000000 2053538.000000 2395.000000 24.614710
4736461.000000 2050732.000000 1675.000000 78.838510
4737009.000000 2050732.000000 1675.000000 31.358310
4740845.000000 2050222.000000 2035.000000 36.217270
4739475.000000 2052772.000000 2215.000000 -74.897310
4738379.000000 2050478.000000 1675.000000 13.533420
