4737009.000000 2059912.000000 2935.000000 6.425276
4735365.000000 2051498.000000 1675.000000 100.714000
4735091.000000 2051498.000000 1675.000000 111.461800
4741667.000000 2057362.000000 2575.000000 -26.197870
4737557.000000 2057362.000000 2215.000000 -35.330640
4732899.000000 2052518.000000 2215.000000 18.703190
4737831.000000 2056342.000000 2755.000000 -3.752226
4742489.000000 2048948.000000 2035.000000 -76.652600
4731803.000000 2059912.000000 2395.000000 -2.635954
4742763.000000 2055578.000000 2755.000000 -42.790970
4731803.000000 2053282.000000 2755.000000 -6.172489
4730433.000000 2059658.000000 2575.000000 -8.652110
4734269.000000 2053792.000000 2215.000000 17.329230
4735365.000000 2055832.000000 2575.000000 -146.363100
4732899.000000 2053028.000000 2215.000000 11.859900
4734269.000000 2052008.000000 1855.000000 35.402300
4737009.000000 2051498.000000 1855.000000 82.906050
4738105.000000 2049458.000000 1675.000000 18.353130
4731529.000000 2048438.000000 1855.000000 11.582110
4735365.000000 2048692.000000 1675.000000 0.757445
4740571.000000 2053538.000000 2755.000000 -57.399240
4733173.000000 2052772.000000 2035.000000 15.356210
4740297.000000 2050732.000000 1855.000000 30.872260
4742489.000000 2057108.000000 2395.000000 -26.675480
4730159.000000 2059658.000000 2575.000000 -0.628234
4733995.000000 2058382.000000 2215.000000 -5.794725
4736187.000000 2051498.000000 1855.000000 89.073460
4734817.000000 2056598.000000 2215.000000 19.487850
4736461.000000 2054302.000000 2395.000000 -22.632560
4732077.000000 2050222.000000 1675.000000 6.607764
4737009.000000 2054812.000000 2395.000000 -46.148730
4730159.000000 2059148.000000 2215.000000 -8.157414
4735639.000000 2055322.000000 2395.000000 -107.720600
4740297.000000 2056088.000000 3295.000000 -54.973200
4734269.000000 2056088.000000 2035.000000 -37.455690
4735365.000000 2054048.000000 2575.000000 -44.813100
4739201.000000 2053538.000000 2575.000000 -82.583240
4736735.000000 2052008.000000 1855.000000 142.949700
4740023.000000 2058638.000000 2755.000000 -54.412280
4736187.000000 2049968.000000 1855.000000 29.822210
4741667.000000 2054048.000000 2755.000000 -52.521040
4736187.000000 2053792.000000 2575.000000 -9.259613
4739749.000000 2057108.000000 2935.000000 -38.146850
4736187.000000 2052008.000000 2035.000000 126.646400
4733447.000000 2053538.000000 1855.000000 3.799485
4738105.000000 2049968.000000 1675.000000 4.124861
4736461.000000 2050732.000000 1675.000000 78.838510
4729885.000000 2056598.000000 3115.000000 0.382040
4739475.000000 2049202.000000 2035.000000 29.118800
4742215.000000 2060422.000000 2395.000000 -130.562100
4731529.000000 2053028.000000 2935.000000 17.142790
4738927.000000 2049202.000000 2035.000000 21.542620
4733173.000000 2049712.000000 1675.000000 9.001170
4729611.000000 2058892.000000 2215.000000 -5.485861
4729611.000000 2049458.000000 1855.000000 2.339630
4730433.000000 2052518.000000 2935.000000 18.436660
4734817.000000 2057108.000000 2395.000000 14.604120
4736187.000000 2058892.000000 2755.000000 2.722175
4740023.000000 2048438.000000 2215.000000 23.298690
4737009.000000 2060422.000000 3115.000000 13.744940
4742215.000000 2050222.000000 2215.000000 -26.383590
4737283.000000 2051752.000000 2035.000000 66.509840
4730707.000000 2060168.000000 2755.000000 3.456060
4741119.000000 2054812.000000 2935.000000 -52.808390
4730159.000000 2055068.000000 3115.000000 1.554247
4735639.000000 2057362.000000 2395.000000 5.611922
4737283.000000 2053538.000000 2575.000000 42.057160
4730159.000000 2057618.000000 2935.000000 -5.553908
4732351.000000 2053538.000000 2395.000000 -0.169425
4731529.000000 2056342.000000 2755.000000 8.911548
4732077.000000 2052518.000000 2575.000000 15.522630
4741941.000000 2059658.000000 2755.000000 -102.153700
4741667.000000 2053282.000000 2575.000000 -62.228200
4735091.000000 2056598.000000 2215.000000 40.183480
4736187.000000 2057618.000000 2395.000000 18.813260
4735365.000000 2053792.000000 2575.000000 39.262140
4736461.000000 2058382.000000 2575.000000 16.348580
4741667.000000 2049458.000000 2395.000000 -50.595640
4737283.000000 2058128.000000 2395.000000 -7.453501
4729337.000000 2058892.000000 2215.000000 -4.680947
4739475.000000 2055068.000000 3295.000000 -84.665450
4731803.000000 2047928.000000 2035.000000 14.100790
4740297.000000 2059402.000000 2755.000000 -47.649200
4729337.000000 2059148.000000 2215.000000 -1.618171
4736187.000000 2056342.000000 2215.000000 -5.423204
4740023.000000 2052262.000000 2035.000000 -53.720720
4740571.000000 2058128.000000 3115.000000 -77.416570
4730707.000000 2048948.000000 1675.000000 18.062500
4739749.000000 2059402.000000 2575.000000 -71.526590
4739475.000000 2054048.000000 2755.000000 -94.699310
4739475.000000 2050988.000000 1855.000000 0.254594
4732351.000000 2051498.000000 2035.000000 11.472230
4730433.000000 2050988.000000 2215.000000 12.709290
4733995.000000 2052008.000000 2035.000000 41.774480
4733173.000000 2058638.000000 2035.000000 -6.915485
4736187.000000 2048182.000000 1855.000000 -0.691225
4734817.000000 2059912.000000 2575.000000 -0.390748
4738653.000000 2057108.000000 2755.000000 -70.287790
4734817.000000 2052262.000000 1675.000000 124.982100
4730159.000000 2053028.000000 3115.000000 2.138611
4740571.000000 2059658.000000 2755.000000 -72.529640
4742763.000000 2057362.000000 2215.000000 -10.951570
4741393.000000 2052262.000000 2215.000000 -55.264440
4738927.000000 2059912.000000 2575.000000 -98.940270
4732077.000000 2059148.000000 2035.000000 -3.557998
4735913.000000 2053282.000000 2395.000000 209.275000
4731803.000000 2051242.000000 2215.000000 6.335711
4734543.000000 2057618.000000 2395.000000 8.169467
4736461.000000 2053282.000000 2395.000000 145.871500
4732625.000000 2048438.000000 2395.000000 12.267040
4736461.000000 2057108.000000 2215.000000 -0.917929
4741941.000000 2057872.000000 2755.000000 -66.415710
4736187.000000 2050478.000000 1495.000000 40.034140
4740845.000000 2051498.000000 1855.000000 -73.695670
4733721.000000 2049712.000000 1675.000000 31.436430
4733995.000000 2057108.000000 2035.000000 -3.432606
4737831.000000 2056088.000000 2755.000000 -20.857930
4738105.000000 2051498.000000 2215.000000 11.380530
4739201.000000 2057362.000000 2755.000000 -72.755450
4739475.000000 2053792.000000 2575.000000 -110.953000
4730707.000000 2056088.000000 3115.000000 6.897127
4730433.000000 2050478.000000 2035.000000 12.380080
4729885.000000 2050732.000000 2215.000000 7.180073
4739749.000000 2053028.000000 2395.000000 -74.239840
4741119.000000 2051752.000000 1855.000000 -88.745220
4731803.000000 2049712.000000 1855.000000 11.770880
4733721.000000 2052772.000000 1855.000000 26.078320
4741119.000000 2056598.000000 3115.000000 -47.170100
4738379.000000 2049202.000000 1855.000000 10.652690
4730707.000000 2048438.000000 1675.000000 7.288359
4730707.000000 2048182.000000 1675.000000 7.540971
4737557.000000 2057872.000000 2215.000000 -15.101270
4740845.000000 2055322.000000 2935.000000 -49.250570
4739749.000000 2054558.000000 3115.000000 -56.255110
4734817.000000 2052518.000000 1855.000000 159.040600
4731529.000000 2053538.000000 2755.000000 7.187332
4735639.000000 2054302.000000 2575.000000 -48.962330
4732625.000000 2053028.000000 2395.000000 8.361846
4730159.000000 2053792.000000 2935.000000 4.798000
4731803.000000 2057108.000000 2395.000000 5.228055
4740023.000000 2056852.000000 3115.000000 -28.732430
4735091.000000 2055578.000000 2575.000000 -161.926300
4735365.000000 2052262.000000 2035.000000 141.556000
4736735.000000 2049712.000000 1675.000000 -38.127680
4734817.000000 2058382.000000 2755.000000 22.481900
4735091.000000 2058128.000000 2575.000000 -3.175390
4736735.000000 2049202.000000 1675.000000 2.416916
4730433.000000 2050732.000000 2215.000000 7.344610
4732625.000000 2051242.000000 1855.000000 11.672850
4740845.000000 2060422.000000 2395.000000 -131.663100
4731803.000000 2051498.000000 2395.000000 0.794039
4737283.000000 2052262.000000 2035.000000 149.766900
4732351.000000 2048948.000000 2035.000000 15.245740
4734269.000000 2049712.000000 1675.000000 21.408270
4734543.000000 2058892.000000 2755.000000 -6.526940
4740023.000000 2052518.000000 2215.000000 -66.437590
4738927.000000 2057618.000000 2755.000000 -55.668590
4737831.000000 2060168.000000 2755.000000 -78.852440
4729611.000000 2059658.000000 2395.000000 2.171245
4740023.000000 2051498.000000 2035.000000 -58.237070
4736735.000000 2051498.000000 1675.000000 101.029700
4739749.000000 2054048.000000 2755.000000 -68.585500
4732625.000000 2050732.000000 1675.000000 10.071470
4731529.000000 2059402.000000 2395.000000 -8.027190
4730433.000000 2057362.000000 3115.000000 10.486560
4741941.000000 2050478.000000 2395.000000 -81.808910
4733995.000000 2053792.000000 2035.000000 0.914512
4742763.000000 2059912.000000 2395.000000 -93.469840
4740571.000000 2048948.000000 2395.000000 -37.044180
4738379.000000 2053792.000000 2395.000000 8.500284
4740845.000000 2053538.000000 2755.000000 -57.166230
4733721.000000 2057872.000000 2035.000000 -5.104363
4732351.000000 2055832.000000 2395.000000 2.629952
4736187.000000 2055832.000000 2395.000000 -125.323800
4734543.000000 2055322.000000 2215.000000 -83.231480
4733447.000000 2058128.000000 2035.000000 -10.594010
4733721.000000 2058382.000000 2035.000000 -14.545770
4731803.000000 2056088.000000 2575.000000 6.270722
4739749.000000 2050478.000000 1675.000000 8.775512
4732625.000000 2053282.000000 2395.000000 13.379040
4737557.000000 2048438.000000 1315.000000 21.159070
4730981.000000 2056088.000000 3115.000000 19.997080
4731803.000000 2055068.000000 2755.000000 1.172526
4737283.000000 2059148.000000 2755.000000 -1.776255
4732077.000000 2049712.000000 1675.000000 12.340750
4737283.000000 2047928.000000 1495.000000 14.157080
4742489.000000 2053792.000000 2215.000000 -47.752570
4732625.000000 2058892.000000 2035.000000 -0.729198
4731803.000000 2055578.000000 2575.000000 7.045830
4737283.000000 2049202.000000 1495.000000 10.068420
4742215.000000 2059148.000000 2575.000000 -63.344660
4734817.000000 2050732.000000 1855.000000 21.080110
4733447.000000 2051498.000000 2035.000000 20.641420
4736187.000000 2057872.000000 2395.000000 5.585549
4735913.000000 2053792.000000 2395.000000 -13.896120
4736461.000000 2056342.000000 2215.000000 -23.848230
4732625.000000 2052262.000000 2395.000000 19.219900
4732077.000000 2053282.000000 2755.000000 16.874710
4732351.000000 2056088.000000 2395.000000 11.049080
4735091.000000 2049968.000000 1855.000000 -26.911970
4737009.000000 2049458.000000 1675.000000 -11.612520
4730707.000000 2059658.000000 2575.000000 0.498112
4742489.000000 2058638.000000 2395.000000 -64.609340
4735091.000000 2050732.000000 1675.000000 39.630280
4733995.000000 2049712.000000 1495.000000 12.540720
4738379.000000 2058638.000000 2395.000000 -47.567290
4731529.000000 2049712.000000 1855.000000 20.221740
4735091.000000 2055068.000000 2395.000000 -42.527430
4735091.000000 2056342.000000 2395.000000 -138.868600
4730159.000000 2052518.000000 2935.000000 24.110910
4741119.000000 2055578.000000 2935.000000 -52.265730
4730433.000000 2057872.000000 2935.000000 2.143140
4741941.000000 2049202.000000 2215.000000 -31.826370
4740023.000000 2059912.000000 2755.000000 -100.312700
4739749.000000 2048182.000000 2035.000000 26.418020
4735091.000000 2047928.000000 1495.000000 15.345360
4739749.000000 2050988.000000 2035.000000 6.770143
4739475.000000 2052262.000000 2215.000000 -67.846970
4740571.000000 2059402.000000 2935.000000 -94.441580
4732077.000000 2053538.000000 2575.000000 0.776064
4738653.000000 2057362.000000 2575.000000 -38.430700
4742763.000000 2053538.000000 2395.000000 -53.769500
4739201.000000 2059912.000000 2755.000000 -93.640930
4742215.000000 2052518.000000 2215.000000 -74.056680
4741393.000000 2060422.000000 2215.000000 -109.208600
4739475.000000 2056342.000000 2935.000000 -42.373320
4737557.000000 2050732.000000 2035.000000 -23.131100
4737283.000000 2050222.000000 1495.000000 -14.979270
4739749.000000 2057618.000000 3115.000000 -97.981170
4738653.000000 2053792.000000 2575.000000 -24.146720
4740297.000000 2054302.000000 2935.000000 -46.965970
4738105.000000 2049712.000000 1495.000000 -4.371359
4740023.000000 2054812.000000 3115.000000 -41.279790
4732077.000000 2049968.000000 1675.000000 -9.706973
4732625.000000 2056088.000000 2215.000000 5.356583
4734269.000000 2051752.000000 2035.000000 42.012580
4730707.000000 2050222.000000 1855.000000 11.346080
4736735.000000 2059402.000000 2755.000000 3.457721
4741667.000000 2059402.000000 2755.000000 -54.356440
4741941.000000 2053282.000000 2575.000000 -69.936530
4733721.000000 2048438.000000 2035.000000 8.239013
4739749.000000 2056852.000000 2935.000000 -36.431660
4735639.000000 2059658.000000 2935.000000 -0.467166
4739749.000000 2059148.000000 2575.000000 -42.851040
4733447.000000 2049458.000000 1675.000000 12.747510
4733721.000000 2048182.000000 2215.000000 20.692960
4730433.000000 2056342.000000 3295.000000 14.691850
4737557.000000 2051498.000000 2395.000000 83.214820
4734269.000000 2058128.000000 2575.000000 6.726942
4734543.000000 2060168.000000 2575.000000 -8.957423
4735365.000000 2048438.000000 1495.000000 5.069571
4737283.000000 2051242.000000 2035.000000 72.076700
4739475.000000 2054558.000000 2935.000000 -60.802510
4735913.000000 2054302.000000 2395.000000 -79.665100
4730981.000000 2054048.000000 2755.000000 12.890160
4738927.000000 2051242.000000 1855.000000 7.456321
4740023.000000 2048692.000000 2215.000000 19.175850
4736735.000000 2054812.000000 2575.000000 -65.991780
4729885.000000 2047928.000000 2035.000000 13.894750
4742763.000000 2055832.000000 2755.000000 -53.946050
4736461.000000 2058128.000000 2395.000000 4.116018
4731255.000000 2057362.000000 2755.000000 0.575812
4740023.000000 2048948.000000 2215.000000 21.488030
4730159.000000 2055322.000000 3115.000000 14.400040
4738379.000000 2059148.000000 2575.000000 -78.966660
4738379.000000 2050988.000000 2035.000000 5.571097
4736461.000000 2048948.000000 1855.000000 -2.620808
4734269.000000 2054812.000000 2215.000000 -41.215570
4737009.000000 2055578.000000 2395.000000 -43.345490
4741667.000000 2052518.000000 2215.000000 -83.566800
4729885.000000 2058382.000000 2575.000000 -2.070473
4731255.000000 2052518.000000 2935.000000 8.908504
4742489.000000 2059402.000000 2395.000000 -55.478490
4735091.000000 2056852.000000 2215.000000 17.530200
4731255.000000 2052262.000000 2755.000000 17.341310
4738379.000000 2054048.000000 2575.000000 -6.775096
4734817.000000 2059148.000000 2935.000000 7.699773
4730981.000000 2052518.000000 2935.000000 18.348610
4737557.000000 2057618.000000 2215.000000 -15.764420
4730433.000000 2059912.000000 2755.000000 -14.645410
4730981.000000 2053282.000000 2935.000000 12.894630
4739201.000000 2056342.000000 2935.000000 -24.514650
4739201.000000 2057872.000000 2755.000000 -51.192460
4734543.000000 2060422.000000 2575.000000 5.893209
4734269.000000 2058638.000000 2395.000000 -5.075448
4738927.000000 2053538.000000 2575.000000 -29.626110
4729337.000000 2055322.000000 3295.000000 1.780194
4736187.000000 2060422.000000 3115.000000 -2.455763
4740023.000000 2058892.000000 2755.000000 -51.465980
4739749.000000 2051498.000000 2215.000000 -64.511000
4732899.000000 2059402.000000 2035.000000 -7.877861
4742763.000000 2053028.000000 2395.000000 -67.545110
4740297.000000 2055068.000000 3115.000000 -45.633090
4738105.000000 2047928.000000 1675.000000 16.133780
4741941.000000 2055322.000000 2755.000000 -50.085410
4735913.000000 2055832.000000 2395.000000 -116.881200
4741119.000000 2053792.000000 2755.000000 -38.617290
4739749.000000 2051752.000000 2035.000000 -57.251960
4738653.000000 2055322.000000 2935.000000 -33.354840
4738653.000000 2049458.000000 1855.000000 26.655560
4738653.000000 2048692.000000 1855.000000 16.040040
4733447.000000 2049202.000000 1855.000000 18.727660
4736461.000000 2055578.000000 2575.000000 -111.308900
4731255.000000 2048692.000000 1855.000000 15.895530
4730433.000000 2049968.000000 1855.000000 15.095740
4740845.000000 2059148.000000 2935.000000 -49.037890
4734269.000000 2048692.000000 1675.000000 14.220770
4734543.000000 2048438.000000 1675.000000 16.793990
4736461.000000 2057362.000000 2215.000000 0.000791
4737831.000000 2048182.000000 1495.000000 14.706260
4737831.000000 2052262.000000 2395.000000 6.333062
4739749.000000 2058892.000000 2575.000000 -50.217580
4731803.000000 2056852.000000 2575.000000 9.607482
4738105.000000 2055322.000000 2935.000000 -22.413340
4740297.000000 2057872.000000 2935.000000 -36.137270
4730159.000000 2060422.000000 2755.000000 -0.755100
4730433.000000 2055322.000000 2935.000000 7.662463
4733721.000000 2050478.000000 1855.000000 11.891060
4733447.000000 2057362.000000 2215.000000 20.321150
4731529.000000 2050478.000000 1855.000000 6.965098
4732625.000000 2055322.000000 2215.000000 -7.142447
4737557.000000 2050478.000000 1855.000000 -14.853780
4732899.000000 2050988.000000 2035.000000 8.140854
4740845.000000 2058638.000000 3115.000000 -99.175550
4739749.000000 2052518.000000 2035.000000 -77.569150
4741941.000000 2056598.000000 2755.000000 -66.238580
4736187.000000 2052772.000000 2215.000000 195.064100
4729611.000000 2052772.000000 2935.000000 25.760000
4731529.000000 2058892.000000 2215.000000 -6.220808
4740845.000000 2059912.000000 2575.000000 -96.754230
4741393.000000 2058382.000000 3115.000000 -88.282570
4737831.000000 2056598.000000 2575.000000 -25.639010
4730433.000000 2055832.000000 3115.000000 11.962260
4731529.000000 2058128.000000 2575.000000 3.135050
4738105.000000 2054812.000000 2935.000000 -3.302615
4736461.000000 2053538.000000 2395.000000 113.007500
4736187.000000 2055068.000000 2395.000000 -96.205780
4733721.000000 2052262.000000 1855.000000 17.345760
4732351.000000 2060422.000000 2215.000000 -1.393404
4735091.000000 2049458.000000 1675.000000 -1.986612
4731529.000000 2051498.000000 2575.000000 5.003101
4732899.000000 2055322.000000 2035.000000 -8.004542
4737557.000000 2052518.000000 2395.000000 32.998970
4735365.000000 2052008.000000 1855.000000 119.512300
4730707.000000 2055322.000000 2935.000000 -2.952086
4736735.000000 2056852.000000 2215.000000 -11.477760
4731529.000000 2049968.000000 1675.000000 7.717750
4735091.000000 2058382.000000 2755.000000 9.826604
4741667.000000 2056088.000000 3115.000000 -111.859700
4735913.000000 2052008.000000 2035.000000 133.773000
