4734269.000000 2057108.000000 2215.000000 13.101000
4741119.000000 2049968.000000 2035.000000 71.660550
4730981.000000 2048692.000000 1675.000000 13.353490
4739475.000000 2056342.000000 2935.000000 -42.373320
4734817.000000 2053028.000000 2035.000000 219.178400
4729611.000000 2054558.000000 3475.000000 12.815180
4730981.000000 2059148.000000 2035.000000 -2.928360
4737009.000000 2058638.000000 2755.000000 -5.518305
4737831.000000 2052008.000000 2575.000000 112.227500
4735091.000000 2048948.000000 1495.000000 13.260680
4741667.000000 2059658.000000 2755.000000 -107.715400
4740571.000000 2053282.000000 2755.000000 -39.202560
4730981.000000 2052008.000000 2575.000000 21.047580
4738927.000000 2049458.000000 1855.000000 22.725880
4734817.000000 2058638.000000 2755.000000 -8.603996
4742215.000000 2055322.000000 2575.000000 -43.012420
4732351.000000 2055832.000000 2395.000000 2.629952
4732351.000000 2050478.000000 1675.000000 6.672339
4740023.000000 2059402.000000 2755.000000 -62.930140
4735365.000000 2051498.000000 1675.000000 100.714000
4736461.000000 2056342.000000 2215.000000 -23.848230
4732899.000000 2058638.000000 2035.000000 -3.594039
4729611.000000 2056598.000000 2935.000000 8.275304
4738653.000000 2054558.000000 2935.000000 -5.641703
4732077.000000 2053792.000000 2575.000000 -0.788801
4736735.000000 2054812.000000 2575.000000 -65.991780
4742489.000000 2052262.000000 2215.000000 -30.049920
4741393.000000 2058382.000000 3115.000000 -88.282570
4741667.000000 2048182.000000 1855.000000 12.097020
4737557.000000 2048948.000000 1495.000000 16.994500
4736187.000000 2059402.000000 2935.000000 3.629433
4733447.000000 2048182.000000 2215.000000 23.027750
4730159.000000 2049202.000000 1855.000000 4.054583
4734269.000000 2055068.000000 2215.000000 -42.090350
4738105.000000 2059658.000000 2755.000000 -104.652100
4733995.000000 2050222.000000 1855.000000 33.346000
4732899.000000 2060168.000000 2035.000000 11.164650
4733447.000000 2051752.000000 2215.000000 27.123270
4739749.000000 2050988.000000 2035.000000 6.770143
4741119.000000 2056598.000000 3115.000000 -47.170100
4738105.000000 2051242.000000 2215.000000 4.148441
4730159.000000 2050988.000000 2215.000000 17.750660
4730433.000000 2057618.000000 3115.000000 6.868618
4736735.000000 2050988.000000 1675.000000 79.536820
4736461.000000 2053028.000000 2215.000000 252.232400
4740845.000000 2054558.000000 2935.000000 -53.387260
4738653.000000 2047928.000000 1855.000000 13.950110
4734817.000000 2059402.000000 2755.000000 -2.602274
4729611.000000 2052772.000000 2935.000000 25.760000
4731529.000000 2054812.000000 2935.000000 14.496100
4729611.000000 2059402.000000 2395.000000 -0.503511
4741667.000000 2052008.000000 2035.000000 -54.982230
4738379.000000 2057872.000000 2575.000000 -100.204700
4742763.000000 2049968.000000 1855.000000 22.489790
4733447.000000 2056342.000000 1855.000000 -9.014201
4730707.000000 2055578.000000 2935.000000 10.747480
4742763.000000 2058128.000000 2215.000000 -50.760210
4740023.000000 2048438.000000 2215.000000 23.298690
4736187.000000 2048692.000000 1855.000000 -6.221392
4733447.000000 2054048.000000 1675.000000 -9.025711
4737831.000000 2056598.000000 2575.000000 -25.639010
4741667.000000 2050988.000000 2035.000000 1.927256
4730707.000000 2053282.000000 2935.000000 5.183398
4740297.000000 2057108.000000 3295.000000 -74.921620
4739475.000000 2053538.000000 2395.000000 -98.997870
4735639.000000 2057362.000000 2395.000000 5.611922
4737831.000000 2055322.000000 2755.000000 -12.754910
4732077.000000 2057108.000000 2215.000000 10.332060
4741667.000000 2054558.000000 2755.000000 -28.591390
4735365.000000 2050222.000000 1675.000000 56.602530
4732899.000000 2048692.000000 2215.000000 20.296340
4737557.000000 2053282.000000 2395.000000 36.894140
4740297.000000 2055322.000000 3115.000000 -49.171010
4741941.000000 2053282.000000 2575.000000 -69.936530
4740023.000000 2058382.000000 2755.000000 -59.677440
4731255.000000 2051242.000000 2395.000000 -11.240750
4742763.000000 2059912.000000 2395.000000 -93.469840
4742215.000000 2056852.000000 2575.000000 -35.188850
4732077.000000 2051752.000000 2215.000000 7.067962
4736187.000000 2055322.000000 2575.000000 -162.729200
4739201.000000 2052008.000000 2035.000000 -8.109624
4730707.000000 2049712.000000 1675.000000 5.538090
4733721.000000 2053028.000000 1855.000000 6.375107
4730981.000000 2060168.000000 2575.000000 -14.844290
4729885.000000 2058128.000000 2575.000000 -7.603760
4737557.000000 2057362.000000 2215.000000 -35.330640
4731803.000000 2059148.000000 2035.000000 -12.980130
4735913.000000 2054558.000000 2575.000000 -85.283400
4729611.000000 2050478.000000 2035.000000 15.415290
4734269.000000 2059658.000000 2575.000000 -1.707345
4739201.000000 2060168.000000 2755.000000 -129.616400
4736461.000000 2052008.000000 1855.000000 125.288700
4733721.000000 2057872.000000 2035.000000 -5.104363
4735913.000000 2058128.000000 2755.000000 5.492000
4737283.000000 2049968.000000 1495.000000 -28.000260
4737283.000000 2060168.000000 3115.000000 -11.753920
4730159.000000 2054048.000000 2935.000000 14.657880
4734543.000000 2056088.000000 2215.000000 -53.867910
4740571.000000 2048948.000000 2395.000000 -37.044180
4740023.000000 2054558.000000 3115.000000 -40.427060
4735639.000000 2052008.000000 2035.000000 114.504300
4729885.000000 2055322.000000 3115.000000 8.771268
4739749.000000 2049712.000000 1855.000000 20.727410
4741941.000000 2048692.000000 2215.000000 -55.326780
4732077.000000 2048182.000000 2215.000000 9.140605
4740297.000000 2059912.000000 2755.000000 -77.949850
4734269.000000 2051752.000000 2035.000000 42.012580
4732351.000000 2055068.000000 2395.000000 2.864768
4738105.000000 2050478.000000 1855.000000 -10.074080
4732625.000000 2052518.000000 2395.000000 7.416035
4729611.000000 2048182.000000 2215.000000 2.095174
4732625.000000 2049712.000000 1675.000000 9.795140
4734269.000000 2048948.000000 1675.000000 18.236530
4737283.000000 2055578.000000 2575.000000 -20.609790
4742215.000000 2050478.000000 2215.000000 -38.022710
4735091.000000 2060168.000000 2755.000000 -4.573554
4742489.000000 2053792.000000 2215.000000 -47.752570
4741119.000000 2051242.000000 1855.000000 10.520040
4736735.000000 2049202.000000 1675.000000 2.416916
4739201.000000 2055322.000000 3115.000000 -36.801450
4737283.000000 2048182.000000 1495.000000 12.687810
4734817.000000 2054558.000000 2395.000000 -36.961650
4739475.000000 2050478.000000 1855.000000 6.522636
4731803.000000 2049458.000000 1855.000000 10.854020
4734817.000000 2048182.000000 1675.000000 9.450888
4731255.000000 2057108.000000 2755.000000 1.951259
4738927.000000 2058892.000000 2395.000000 -34.698810
4732351.000000 2059658.000000 2035.000000 6.840920
4733173.000000 2055578.000000 1855.000000 -15.055340
4737283.000000 2052772.000000 2395.000000 144.364600
4737283.000000 2059402.000000 2755.000000 -16.710950
4736735.000000 2057108.000000 2215.000000 -6.793154
4735913.000000 2049458.000000 2035.000000 -28.501610
4732625.000000 2056852.000000 2215.000000 0.149378
4732899.000000 2053538.000000 2215.000000 -4.161932
4740845.000000 2052008.000000 2035.000000 -97.961790
4741667.000000 2055322.000000 2755.000000 -58.160300
4729611.000000 2057618.000000 2755.000000 -9.735233
4734543.000000 2052518.000000 1675.000000 108.283400
4738653.000000 2048948.000000 1855.000000 29.124450
4729611.000000 2048948.000000 1855.000000 0.206399
4740297.000000 2052518.000000 2395.000000 -71.276900
4733995.000000 2058638.000000 2215.000000 -10.954400
4735365.000000 2056088.000000 2395.000000 -123.090500
4738927.000000 2050732.000000 1855.000000 7.743129
4738927.000000 2057362.000000 2755.000000 -47.834940
4729611.000000 2052008.000000 2395.000000 6.926105
4740845.000000 2056088.000000 3295.000000 -66.922950
4729885.000000 2060422.000000 2755.000000 -5.900195
4733447.000000 2059148.000000 2215.000000 3.378228
4732351.000000 2053028.000000 2395.000000 11.537370
4736461.000000 2060168.000000 3115.000000 9.529358
4738105.000000 2054302.000000 2575.000000 -1.528306
4732351.000000 2058128.000000 2215.000000 -5.557917
4738653.000000 2056852.000000 2755.000000 -47.009770
4742489.000000 2050988.000000 2395.000000 -67.328940
4742763.000000 2056088.000000 2755.000000 -50.044660
4736187.000000 2053792.000000 2575.000000 -9.259613
4741941.000000 2057618.000000 2575.000000 -59.400820
4731255.000000 2053792.000000 2575.000000 2.055668
4737283.000000 2051752.000000 2035.000000 66.509840
4738379.000000 2053028.000000 2395.000000 10.993520
4735913.000000 2050732.000000 1675.000000 80.233140
4740845.000000 2048182.000000 2035.000000 24.944980
4738653.000000 2051498.000000 2035.000000 11.996740
4740845.000000 2059658.000000 2755.000000 -81.157550
4730707.000000 2058382.000000 2575.000000 -14.199020
4733173.000000 2049202.000000 1855.000000 18.043320
4740023.000000 2056598.000000 3115.000000 -45.057240
4737831.000000 2058892.000000 2575.000000 -57.084700
4730433.000000 2056852.000000 3295.000000 15.345930
4742489.000000 2059402.000000 2395.000000 -55.478490
4733447.000000 2057362.000000 2215.000000 20.321150
4735091.000000 2057108.000000 2395.000000 8.192358
4730433.000000 2048182.000000 1675.000000 11.596620
4738105.000000 2049712.000000 1495.000000 -4.371359
4741667.000000 2049202.000000 2215.000000 -47.044260
4731529.000000 2058382.000000 2395.000000 -1.376291
4741119.000000 2057362.000000 2935.000000 -44.928670
4730707.000000 2054812.000000 3115.000000 13.200070
4738653.000000 2055578.000000 2935.000000 -65.034610
4729337.000000 2053538.000000 3295.000000 15.964260
4735639.000000 2053282.000000 2215.000000 197.263000
4732625.000000 2050988.000000 1855.000000 10.529660
4734269.000000 2054302.000000 2215.000000 -26.701300
4731803.000000 2056598.000000 2575.000000 16.871540
4731255.000000 2052518.000000 2935.000000 8.908504
4740297.000000 2058892.000000 2935.000000 -58.126180
4740571.000000 2054048.000000 2755.000000 -33.848860
4730159.000000 2052008.000000 2755.000000 6.897622
4740297.000000 2049968.000000 2035.000000 32.883140
4742489.000000 2047928.000000 1675.000000 16.822460
4735365.000000 2059402.000000 2935.000000 3.819600
4729611.000000 2049712.000000 1855.000000 2.237758
4735091.000000 2050732.000000 1675.000000 39.630280
4730981.000000 2047928.000000 1675.000000 20.914830
4741667.000000 2060168.000000 2395.000000 -101.968500
4736187.000000 2058638.000000 2755.000000 6.936473
4731529.000000 2055578.000000 2755.000000 3.070692
4736461.000000 2049968.000000 1675.000000 -13.479610
4735091.000000 2055322.000000 2395.000000 -101.039400
4739475.000000 2052772.000000 2215.000000 -74.897310
4737283.000000 2054558.000000 2395.000000 -26.274850
4730981.000000 2050732.000000 2035.000000 13.554860
4742489.000000 2054302.000000 2395.000000 -56.044810
4738379.000000 2058638.000000 2395.000000 -47.567290
4730433.000000 2056088.000000 3295.000000 10.613130
4742215.000000 2051752.000000 2215.000000 -42.519230
4741941.000000 2056088.000000 2935.000000 -91.446360
4738105.000000 2060168.000000 2755.000000 -106.686600
4741119.000000 2053028.000000 2395.000000 -78.095050
4739201.000000 2058382.000000 2755.000000 -80.606510
4736461.000000 2057618.000000 2215.000000 -1.761883
4734543.000000 2049712.000000 1675.000000 20.475140
4737283.000000 2056342.000000 2575.000000 -26.721400
4734269.000000 2050988.000000 2215.000000 26.121340
4742215.000000 2058892.000000 2575.000000 -58.816890
4729337.000000 2051242.000000 2215.000000 13.215940
4732899.000000 2050988.000000 2035.000000 8.140854
4738927.000000 2059658.000000 2575.000000 -91.425480
4738927.000000 2053792.000000 2755.000000 -88.081760
4740297.000000 2050732.000000 1855.000000 30.872260
4737831.000000 2048182.000000 1495.000000 14.706260
4733721.000000 2060168.000000 2215.000000 -7.304348
4734817.000000 2053792.000000 2395.000000 -0.603546
4735365.000000 2048438.000000 1495.000000 5.069571
4736735.000000 2059658.000000 2935.000000 1.046579
4739201.000000 2048692.000000 2035.000000 21.211310
4732625.000000 2054302.000000 2215.000000 -3.812517
4732077.000000 2060422.000000 2215.000000 0.231365
4736187.000000 2051242.000000 1855.000000 91.473390
4733721.000000 2049458.000000 1675.000000 12.963630
4730433.000000 2050222.000000 2035.000000 7.386034
4730159.000000 2059148.000000 2215.000000 -8.157414
4731255.000000 2059658.000000 2575.000000 -9.967550
4741941.000000 2052518.000000 2215.000000 -91.266460
4733173.000000 2050222.000000 1675.000000 13.560530
4730433.000000 2052772.000000 3115.000000 14.165440
4735913.000000 2056852.000000 2215.000000 24.890040
4740297.000000 2051498.000000 2035.000000 -67.120150
4733447.000000 2052518.000000 2035.000000 24.297430
4741941.000000 2049968.000000 2215.000000 18.364330
4735913.000000 2060168.000000 3115.000000 11.005340
4742489.000000 2053028.000000 2575.000000 -97.375670
4735091.000000 2057872.000000 2575.000000 13.718140
4742763.000000 2057362.000000 2215.000000 -10.951570
4732625.000000 2047928.000000 2395.000000 6.859150
4730707.000000 2048948.000000 1675.000000 18.062500
4735091.000000 2049458.000000 1675.000000 -1.986612
4739749.000000 2057618.000000 3115.000000 -97.981170
4731255.000000 2049968.000000 1855.000000 11.825460
4732625.000000 2051752.000000 2215.000000 15.492350
4730433.000000 2059912.000000 2755.000000 -14.645410
4735365.000000 2058638.000000 2755.000000 -5.945730
4733721.000000 2048692.000000 1855.000000 18.563320
4738379.000000 2052518.000000 2395.000000 19.452850
4739201.000000 2054558.000000 2935.000000 -58.722770
4739201.000000 2051498.000000 1855.000000 0.217424
4733995.000000 2055578.000000 2215.000000 -32.396360
4731803.000000 2051242.000000 2215.000000 6.335711
4733173.000000 2059658.000000 2035.000000 -12.436970
4738105.000000 2056088.000000 2755.000000 -5.169580
4737283.000000 2050478.000000 1855.000000 -35.679960
4732351.000000 2048948.000000 2035.000000 15.245740
4735365.000000 2052518.000000 2035.000000 153.545600
4740845.000000 2058382.000000 3115.000000 -68.001490
4739749.000000 2055322.000000 3295.000000 -41.723290
4736735.000000 2055578.000000 2395.000000 -53.391580
4736735.000000 2054048.000000 2575.000000 34.071260
4741119.000000 2058892.000000 2935.000000 -84.400660
4739475.000000 2047928.000000 2035.000000 11.591500
4736735.000000 2058892.000000 2575.000000 0.541038
4740023.000000 2055832.000000 3295.000000 -33.882280
4734269.000000 2048182.000000 1855.000000 8.453470
4734543.000000 2050478.000000 2035.000000 30.714640
4738927.000000 2049968.000000 1675.000000 -7.006295
4737283.000000 2053792.000000 2575.000000 17.051220
4735913.000000 2055832.000000 2395.000000 -116.881200
4733447.000000 2050988.000000 2035.000000 7.305796
4732077.000000 2052518.000000 2575.000000 15.522630
4730981.000000 2054048.000000 2755.000000 12.890160
4740845.000000 2055322.000000 2935.000000 -49.250570
4733173.000000 2054812.000000 1855.000000 -13.955790
4732625.000000 2057618.000000 2215.000000 -6.243806
4736187.000000 2047928.000000 1855.000000 -9.836408
4739749.000000 2054048.000000 2755.000000 -68.585500
4742215.000000 2060168.000000 2575.000000 -115.039100
4735365.000000 2054048.000000 2575.000000 -44.813100
4736735.000000 2048438.000000 1675.000000 5.588929
4729885.000000 2051498.000000 2395.000000 14.113160
4731803.000000 2050732.000000 2035.000000 6.181209
4733995.000000 2052262.000000 1855.000000 36.917500
4741119.000000 2048692.000000 2215.000000 29.114530
4739475.000000 2059148.000000 2395.000000 -49.562040
4740845.000000 2060168.000000 2395.000000 -90.860380
4729885.000000 2057108.000000 3115.000000 2.790384
4731803.000000 2054048.000000 2395.000000 5.577197
4735365.000000 2054812.000000 2575.000000 -66.082370
4729337.000000 2058638.000000 2395.000000 -0.907538
4731803.000000 2057872.000000 2395.000000 3.646867
4734543.000000 2057872.000000 2575.000000 14.968160
4733173.000000 2058128.000000 2035.000000 -5.276807
4732625.000000 2056342.000000 2215.000000 6.775211
4730159.000000 2058638.000000 2575.000000 -10.595350
4731529.000000 2048438.000000 1855.000000 11.582110
4737009.000000 2057872.000000 2215.000000 -6.788104
4739475.000000 2057108.000000 2935.000000 -39.204470
4740845.000000 2049458.000000 2215.000000 -65.100770
4731529.000000 2052008.000000 2575.000000 -0.864383
4733995.000000 2056598.000000 2035.000000 -6.003294
4733721.000000 2054812.000000 2215.000000 -11.053360
4738379.000000 2048438.000000 1675.000000 15.837710
4738379.000000 2053792.000000 2395.000000 8.500284
4739749.000000 2051752.000000 2035.000000 -57.251960
4736735.000000 2056342.000000 2215.000000 -31.514850
4739749.000000 2048948.000000 2035.000000 13.115040
4729611.000000 2055832.000000 3295.000000 12.805100
4742489.000000 2054812.000000 2395.000000 -40.094960
4732351.000000 2058892.000000 2035.000000 -2.828628
4741119.000000 2053792.000000 2755.000000 -38.617290
4731529.000000 2060168.000000 2395.000000 -7.904323
4741119.000000 2050478.000000 2035.000000 -4.576179
4741393.000000 2055832.000000 2935.000000 -74.974890
4735091.000000 2056598.000000 2215.000000 40.183480
4737557.000000 2051242.000000 2215.000000 9.650875
4742215.000000 2058128.000000 2575.000000 -60.082090
4729885.000000 2053282.000000 3295.000000 16.488690
4730981.000000 2057872.000000 2935.000000 16.246450
4732077.000000 2049968.000000 1675.000000 -9.706973
4733995.000000 2053538.000000 2035.000000 13.676500
4734817.000000 2051242.000000 1675.000000 13.613860
4738927.000000 2056088.000000 2935.000000 -31.640090
4740571.000000 2057618.000000 3115.000000 -69.379030
4742489.000000 2048438.000000 1855.000000 26.919070
4730707.000000 2051498.000000 2395.000000 6.923483
4738105.000000 2057108.000000 2575.000000 -26.950900
4741667.000000 2059148.000000 2935.000000 -81.405310
4741667.000000 2053538.000000 2575.000000 -38.815500
4729611.000000 2059912.000000 2395.000000 -10.093490
4737009.000000 2052262.000000 2035.000000 146.338800
4740023.000000 2060168.000000 2935.000000 -146.220400
4741119.000000 2052518.000000 2215.000000 -95.564000
4738927.000000 2052772.000000 2395.000000 5.065953
4737831.000000 2058128.000000 2215.000000 -16.124350
4734817.000000 2052262.000000 1675.000000 124.982100
4735913.000000 2052772.000000 2215.000000 186.411100
4731255.000000 2056342.000000 2935.000000 3.015081
4742489.000000 2049202.000000 1855.000000 34.800370
4733173.000000 2053028.000000 2035.000000 21.542230
4731529.000000 2053282.000000 2935.000000 11.906040
