4729337.000000 2047928.000000 2215.000000 2.551700
4729337.000000 2048692.000000 1855.000000 2.736442
4729337.000000 2049458.000000 1855.000000 9.238906
4729337.000000 2050222.000000 2035.000000 12.777890
4729337.000000 2050988.000000 2215.000000 16.653960
4729337.000000 2051498.000000 2215.000000 13.702850
4729337.000000 2052262.000000 2575.000000 13.129620
4729337.000000 2053028.000000 3115.000000 15.792530
4729337.000000 2053792.000000 3295.000000 12.381070
4729337.000000 2054558.000000 3475.000000 14.985360
4729337.000000 2055322.000000 3295.000000 1.780194
4729337.000000 2056088.000000 3115.000000 -7.594873
4729337.000000 2056852.000000 2935.000000 1.169319
4729337.000000 2057362.000000 2935.000000 5.406030
4729337.000000 2058128.000000 2575.000000 -10.455620
4729337.000000 2058892.000000 2215.000000 -4.680947
4729337.000000 2059658.000000 2395.000000 -0.667312
4729337.000000 2060422.000000 2755.000000 0.257802
4730159.000000 2047928.000000 1855.000000 8.103778
4730159.000000 2048692.000000 1855.000000 -0.839896
4730159.000000 2049458.000000 1855.000000 3.530557
4730159.000000 2050222.000000 2035.000000 14.384810
4730159.000000 2050988.000000 2215.000000 17.750660
4730159.000000 2051498.000000 2575.000000 8.703386
4730159.000000 2052262.000000 2755.000000 7.706050
4730159.000000 2053028.000000 3115.000000 2.138611
4730159.000000 2053792.000000 2935.000000 4.798000
4730159.000000 2054558.000000 3295.000000 9.606368
4730159.000000 2055322.000000 3115.000000 14.400040
4730159.000000 2056088.000000 3295.000000 6.610267
4730159.000000 2056852.000000 3115.000000 6.974529
4730159.000000 2057362.000000 3115.000000 5.708791
4730159.000000 2058128.000000 2755.000000 -0.301104
4730159.000000 2058892.000000 2395.000000 -2.256847
4730159.000000 2059658.000000 2575.000000 -0.628234
4730159.000000 2060422.000000 2755.000000 -0.755100
4730981.000000 2047928.000000 1675.000000 20.914830
4730981.000000 2048692.000000 1675.000000 13.353490
4730981.000000 2049458.000000 1675.000000 15.599150
4730981.000000 2050222.000000 1855.000000 9.319112
4730981.000000 2050988.000000 2035.000000 22.880130
4730981.000000 2051498.000000 2395.000000 14.776280
4730981.000000 2052262.000000 2755.000000 10.858040
4730981.000000 2053028.000000 3115.000000 22.343670
4730981.000000 2053792.000000 2755.000000 -0.234109
4730981.000000 2054558.000000 2935.000000 2.252602
4730981.000000 2055322.000000 2935.000000 -4.512962
4730981.000000 2056088.000000 3115.000000 19.997080
4730981.000000 2056852.000000 2935.000000 0.174233
4730981.000000 2057362.000000 2755.000000 13.449460
4730981.000000 2058128.000000 2755.000000 8.544740
4730981.000000 2058892.000000 2215.000000 0.751685
4730981.000000 2059658.000000 2575.000000 3.692741
4730981.000000 2060422.000000 2575.000000 -5.057978
4731803.000000 2047928.000000 2035.000000 14.100790
4731803.000000 2048692.000000 2035.000000 13.891330
4731803.000000 2049458.000000 1855.000000 10.854020
4731803.000000 2050222.000000 1675.000000 2.073447
4731803.000000 2050988.000000 2035.000000 -0.028675
4731803.000000 2051498.000000 2395.000000 0.794039
4731803.000000 2052262.000000 2575.000000 7.233617
4731803.000000 2053028.000000 2935.000000 14.366950
4731803.000000 2053792.000000 2575.000000 -7.181293
4731803.000000 2054558.000000 2755.000000 20.958480
4731803.000000 2055322.000000 2575.000000 -0.488929
4731803.000000 2056088.000000 2575.000000 6.270722
4731803.000000 2056852.000000 2575.000000 9.607482
4731803.000000 2057362.000000 2395.000000 -0.324021
4731803.000000 2058128.000000 2395.000000 -8.409895
4731803.000000 2058892.000000 2035.000000 -7.786508
4731803.000000 2059658.000000 2395.000000 -10.010900
4731803.000000 2060422.000000 2035.000000 0.731075
4732625.000000 2047928.000000 2395.000000 6.859150
4732625.000000 2048692.000000 2215.000000 22.489530
4732625.000000 2049458.000000 1855.000000 20.023310
4732625.000000 2050222.000000 1675.000000 -1.674569
4732625.000000 2050988.000000 1855.000000 10.529660
4732625.000000 2051498.000000 1855.000000 8.346449
4732625.000000 2052262.000000 2395.000000 19.219900
4732625.000000 2053028.000000 2395.000000 8.361846
4732625.000000 2053792.000000 2215.000000 -1.750147
4732625.000000 2054558.000000 2215.000000 4.196546
4732625.000000 2055322.000000 2215.000000 -7.142447
4732625.000000 2056088.000000 2215.000000 5.356583
4732625.000000 2056852.000000 2215.000000 0.149378
4732625.000000 2057362.000000 2215.000000 4.394490
4732625.000000 2058128.000000 2035.000000 -10.918870
4732625.000000 2058892.000000 2035.000000 -0.729198
4732625.000000 2059658.000000 2035.000000 -4.916756
4732625.000000 2060422.000000 2215.000000 -9.037321
4733173.000000 2047928.000000 2395.000000 9.285221
4733173.000000 2048692.000000 2215.000000 26.489740
4733173.000000 2049458.000000 1855.000000 16.006150
4733173.000000 2050222.000000 1675.000000 13.560530
4733173.000000 2050988.000000 2035.000000 10.811580
4733173.000000 2051498.000000 2035.000000 10.746050
4733173.000000 2052262.000000 2215.000000 18.394930
4733173.000000 2053028.000000 2035.000000 21.542230
4733173.000000 2053792.000000 1855.000000 -11.339220
4733173.000000 2054558.000000 1675.000000 -18.444260
4733173.000000 2055322.000000 1855.000000 -4.007055
4733173.000000 2056088.000000 1855.000000 -2.878459
4733173.000000 2056852.000000 1855.000000 8.695311
4733173.000000 2057362.000000 1855.000000 -15.457150
4733173.000000 2058128.000000 2035.000000 -5.276807
4733173.000000 2058892.000000 2035.000000 -0.515339
4733173.000000 2059658.000000 2035.000000 -12.436970
4733173.000000 2060422.000000 2035.000000 2.189908
4733995.000000 2047928.000000 2035.000000 6.817108
4733995.000000 2048692.000000 1855.000000 16.874970
4733995.000000 2049458.000000 1495.000000 27.274430
4733995.000000 2050222.000000 1855.000000 33.346000
4733995.000000 2050988.000000 2035.000000 14.538060
4733995.000000 2051498.000000 2215.000000 29.488280
4733995.000000 2052262.000000 1855.000000 36.917500
4733995.000000 2053028.000000 1855.000000 16.774930
4733995.000000 2053792.000000 2035.000000 0.914512
4733995.000000 2054558.000000 2215.000000 -20.190970
4733995.000000 2055322.000000 2215.000000 -34.050980
4733995.000000 2056088.000000 2035.000000 -22.094560
4733995.000000 2056852.000000 2035.000000 5.289957
4733995.000000 2057362.000000 2215.000000 11.826870
4733995.000000 2058128.000000 2215.000000 -7.477807
4733995.000000 2058892.000000 2395.000000 -5.009666
4733995.000000 2059658.000000 2395.000000 -1.030216
4733995.000000 2060422.000000 2395.000000 -6.338168
4734817.000000 2047928.000000 1675.000000 14.122850
4734817.000000 2048692.000000 1495.000000 25.915100
4734817.000000 2049458.000000 1675.000000 10.812810
4734817.000000 2050222.000000 2035.000000 14.942710
4734817.000000 2050988.000000 1855.000000 20.644430
4734817.000000 2051498.000000 1855.000000 113.082600
4734817.000000 2052262.000000 1675.000000 124.982100
4734817.000000 2053028.000000 2035.000000 219.178400
4734817.000000 2053792.000000 2395.000000 -0.603546
4734817.000000 2054558.000000 2395.000000 -36.961650
4734817.000000 2055322.000000 2395.000000 -132.382400
4734817.000000 2056088.000000 2215.000000 -144.589600
4734817.000000 2056852.000000 2215.000000 3.024176
4734817.000000 2057362.000000 2395.000000 7.518529
4734817.000000 2058128.000000 2575.000000 -9.367450
4734817.000000 2058892.000000 2755.000000 1.996873
4734817.000000 2059658.000000 2575.000000 3.024755
4734817.000000 2060422.000000 2755.000000 2.670987
4735639.000000 2047928.000000 1495.000000 10.746170
4735639.000000 2048692.000000 1675.000000 4.117101
4735639.000000 2049458.000000 1855.000000 -18.634500
4735639.000000 2050222.000000 1855.000000 14.135000
4735639.000000 2050988.000000 1675.000000 99.799540
4735639.000000 2051498.000000 1855.000000 78.229000
4735639.000000 2052262.000000 2215.000000 129.573600
4735639.000000 2053028.000000 2395.000000 206.530500
4735639.000000 2053792.000000 2395.000000 -12.673830
4735639.000000 2054558.000000 2575.000000 -83.708420
4735639.000000 2055322.000000 2395.000000 -107.720600
4735639.000000 2056088.000000 2395.000000 -138.589700
4735639.000000 2056852.000000 2215.000000 18.174430
4735639.000000 2057362.000000 2395.000000 5.611922
4735639.000000 2058128.000000 2755.000000 14.721880
4735639.000000 2058892.000000 2935.000000 2.024531
4735639.000000 2059658.000000 2935.000000 -0.467166
4735639.000000 2060422.000000 2935.000000 -3.395103
4736461.000000 2047928.000000 1855.000000 -5.220758
4736461.000000 2048692.000000 1855.000000 -3.574537
4736461.000000 2049458.000000 1855.000000 -31.377780
4736461.000000 2050222.000000 1675.000000 25.260030
4736461.000000 2050988.000000 1675.000000 92.357620
4736461.000000 2051498.000000 1855.000000 87.974390
4736461.000000 2052262.000000 1855.000000 157.359800
4736461.000000 2053028.000000 2215.000000 252.232400
4736461.000000 2053792.000000 2755.000000 112.785900
4736461.000000 2054558.000000 2395.000000 -56.875590
4736461.000000 2055322.000000 2575.000000 -106.569700
4736461.000000 2056088.000000 2215.000000 -27.973980
4736461.000000 2056852.000000 2215.000000 -5.953790
4736461.000000 2057362.000000 2215.000000 0.000791
4736461.000000 2058128.000000 2395.000000 4.116018
4736461.000000 2058892.000000 2755.000000 8.028039
4736461.000000 2059658.000000 2935.000000 14.436540
4736461.000000 2060422.000000 3115.000000 16.014140
4737283.000000 2047928.000000 1495.000000 14.157080
4737283.000000 2048692.000000 1495.000000 12.460740
4737283.000000 2049458.000000 1675.000000 11.267570
4737283.000000 2050222.000000 1495.000000 -14.979270
4737283.000000 2050988.000000 1855.000000 52.986800
4737283.000000 2051498.000000 2035.000000 64.345430
4737283.000000 2052262.000000 2035.000000 149.766900
4737283.000000 2053028.000000 2215.000000 43.094790
4737283.000000 2053792.000000 2575.000000 17.051220
4737283.000000 2054558.000000 2395.000000 -26.274850
4737283.000000 2055322.000000 2395.000000 -34.222620
4737283.000000 2056088.000000 2575.000000 -29.325750
4737283.000000 2056852.000000 2395.000000 -20.184740
4737283.000000 2057362.000000 2215.000000 -13.000610
4737283.000000 2058128.000000 2395.000000 -7.453501
4737283.000000 2058892.000000 2755.000000 -4.752205
4737283.000000 2059658.000000 2935.000000 -3.442952
4737283.000000 2060422.000000 3115.000000 8.281459
4738105.000000 2047928.000000 1675.000000 16.133780
4738105.000000 2048692.000000 1675.000000 9.511930
4738105.000000 2049458.000000 1675.000000 18.353130
4738105.000000 2050222.000000 1675.000000 1.096469
4738105.000000 2050988.000000 2035.000000 14.654360
4738105.000000 2051498.000000 2215.000000 11.380530
4738105.000000 2052262.000000 2395.000000 12.219770
4738105.000000 2053028.000000 2395.000000 23.824730
4738105.000000 2053792.000000 2395.000000 5.147604
4738105.000000 2054558.000000 2755.000000 -0.849181
4738105.000000 2055322.000000 2935.000000 -22.413340
4738105.000000 2056088.000000 2755.000000 -5.169580
4738105.000000 2056852.000000 2575.000000 -23.255350
4738105.000000 2057362.000000 2575.000000 -21.073940
4738105.000000 2058128.000000 2395.000000 -63.750560
4738105.000000 2058892.000000 2395.000000 -69.690720
4738105.000000 2059658.000000 2755.000000 -104.652100
4738105.000000 2060422.000000 2935.000000 -149.931400
4738927.000000 2047928.000000 2035.000000 9.219001
4738927.000000 2048692.000000 1855.000000 19.118660
4738927.000000 2049458.000000 1855.000000 22.725880
4738927.000000 2050222.000000 1675.000000 -2.861620
4738927.000000 2050988.000000 1855.000000 2.851666
4738927.000000 2051498.000000 1855.000000 2.351104
4738927.000000 2052262.000000 2215.000000 -1.265817
4738927.000000 2053028.000000 2395.000000 -10.081000
4738927.000000 2053792.000000 2755.000000 -88.081760
4738927.000000 2054558.000000 2935.000000 -37.286690
4738927.000000 2055322.000000 2935.000000 -48.248160
4738927.000000 2056088.000000 2935.000000 -31.640090
4738927.000000 2056852.000000 2935.000000 -72.877230
4738927.000000 2057362.000000 2755.000000 -47.834940
4738927.000000 2058128.000000 2575.000000 -43.159700
4738927.000000 2058892.000000 2395.000000 -34.698810
4738927.000000 2059658.000000 2575.000000 -91.425480
4738927.000000 2060422.000000 2755.000000 -163.096900
4739475.000000 2047928.000000 2035.000000 11.591500
4739475.000000 2048692.000000 2215.000000 20.015520
4739475.000000 2049458.000000 1855.000000 29.891900
4739475.000000 2050222.000000 1675.000000 -2.210887
4739475.000000 2050988.000000 1855.000000 0.254594
4739475.000000 2051498.000000 1855.000000 -7.930830
4739475.000000 2052262.000000 2215.000000 -67.846970
4739475.000000 2053028.000000 2215.000000 -84.598180
4739475.000000 2053792.000000 2575.000000 -110.953000
4739475.000000 2054558.000000 2935.000000 -60.802510
4739475.000000 2055322.000000 3115.000000 -45.248870
4739475.000000 2056088.000000 2935.000000 -26.984270
4739475.000000 2056852.000000 2935.000000 -32.042730
4739475.000000 2057362.000000 2935.000000 -42.094160
4739475.000000 2058128.000000 2755.000000 -34.210250
4739475.000000 2058892.000000 2575.000000 -60.754650
4739475.000000 2059658.000000 2575.000000 -98.590520
4739475.000000 2060422.000000 2935.000000 -154.816000
4740297.000000 2047928.000000 2035.000000 11.406510
4740297.000000 2048692.000000 2215.000000 23.694520
4740297.000000 2049458.000000 2035.000000 30.503110
4740297.000000 2050222.000000 1855.000000 21.410730
4740297.000000 2050988.000000 1855.000000 43.840270
4740297.000000 2051498.000000 2035.000000 -67.120150
4740297.000000 2052262.000000 2215.000000 -48.456010
4740297.000000 2053028.000000 2575.000000 -38.494280
4740297.000000 2053792.000000 2755.000000 -55.496600
4740297.000000 2054558.000000 2935.000000 -53.980780
4740297.000000 2055322.000000 3115.000000 -49.171010
4740297.000000 2056088.000000 3295.000000 -54.973200
4740297.000000 2056852.000000 3295.000000 -40.938250
4740297.000000 2057362.000000 3115.000000 -37.632140
4740297.000000 2058128.000000 2935.000000 -51.454420
4740297.000000 2058892.000000 2935.000000 -58.126180
4740297.000000 2059658.000000 2755.000000 -77.277830
4740297.000000 2060422.000000 2575.000000 -132.915300
4741119.000000 2047928.000000 2035.000000 14.171370
4741119.000000 2048692.000000 2215.000000 29.114530
4741119.000000 2049458.000000 2215.000000 -54.194430
4741119.000000 2050222.000000 2035.000000 -35.764230
4741119.000000 2050988.000000 2035.000000 -24.768220
4741119.000000 2051498.000000 1855.000000 -49.522400
4741119.000000 2052262.000000 2035.000000 -97.252680
4741119.000000 2053028.000000 2395.000000 -78.095050
4741119.000000 2053792.000000 2755.000000 -38.617290
4741119.000000 2054558.000000 2935.000000 -46.178600
4741119.000000 2055322.000000 2935.000000 -50.044050
4741119.000000 2056088.000000 3115.000000 -62.683810
4741119.000000 2056852.000000 3115.000000 -56.584760
4741119.000000 2057362.000000 2935.000000 -44.928670
4741119.000000 2058128.000000 3115.000000 -55.116440
4741119.000000 2058892.000000 2935.000000 -84.400660
4741119.000000 2059658.000000 2575.000000 -60.201000
4741119.000000 2060422.000000 2215.000000 -105.107400
4741941.000000 2047928.000000 1675.000000 16.336700
4741941.000000 2048692.000000 2215.000000 -55.326780
4741941.000000 2049458.000000 2215.000000 -38.267330
4741941.000000 2050222.000000 2215.000000 -26.385600
4741941.000000 2050988.000000 2215.000000 -22.578520
4741941.000000 2051498.000000 2215.000000 -26.303950
4741941.000000 2052262.000000 2035.000000 -53.831600
4741941.000000 2053028.000000 2575.000000 -75.576530
4741941.000000 2053792.000000 2575.000000 -50.665260
4741941.000000 2054558.000000 2575.000000 -17.626920
4741941.000000 2055322.000000 2755.000000 -50.085410
4741941.000000 2056088.000000 2935.000000 -91.446360
4741941.000000 2056852.000000 2575.000000 -21.600860
4741941.000000 2057362.000000 2575.000000 -30.038860
4741941.000000 2058128.000000 2755.000000 -68.913270
4741941.000000 2058892.000000 2755.000000 -66.220890
4741941.000000 2059658.000000 2755.000000 -102.153700
4741941.000000 2060422.000000 2395.000000 -113.981200
4742763.000000 2047928.000000 1675.000000 24.069380
4742763.000000 2048692.000000 1855.000000 18.603460
4742763.000000 2049458.000000 1855.000000 10.501570
4742763.000000 2050222.000000 2035.000000 27.523260
4742763.000000 2050988.000000 2395.000000 -47.150160
4742763.000000 2051498.000000 2395.000000 -40.577090
4742763.000000 2052262.000000 2395.000000 -36.327020
4742763.000000 2053028.000000 2395.000000 -67.545110
4742763.000000 2053792.000000 2215.000000 -12.954990
4742763.000000 2054558.000000 2395.000000 -39.808670
4742763.000000 2055322.000000 2575.000000 -27.679220
4742763.000000 2056088.000000 2755.000000 -50.044660
4742763.000000 2056852.000000 2575.000000 -61.301600
4742763.000000 2057362.000000 2215.000000 -10.951570
4742763.000000 2058128.000000 2215.000000 -50.760210
4742763.000000 2058892.000000 2215.000000 -50.470630
4742763.000000 2059658.000000 2395.000000 -86.221240
4742763.000000 2060422.000000 2395.000000 -148.770400
