927710.000000 607430.000000 3387.200000 -5.396700
937230.000000 616420.000000 3306.600000 -4.091900
939180.000000 600200.000000 3467.800000 4.005900
924410.000000 617420.000000 3226.000000 6.340700
925770.000000 599450.000000 3226.000000 -5.067200
932960.000000 604440.000000 3226.000000 -6.934200
927910.000000 614670.000000 3790.200000 4.130200
922460.000000 609430.000000 3306.600000 -1.150700
939180.000000 609180.000000 3145.400000 -17.381000
932380.000000 616920.000000 3387.200000 -8.796300
922660.000000 603190.000000 3629.000000 10.587000
932180.000000 599700.000000 3306.600000 -15.710000
936070.000000 604940.000000 3145.400000 -7.175300
934120.000000 610680.000000 3467.800000 -13.312000
923050.000000 597200.000000 3306.600000 2.122600
939370.000000 619910.000000 3467.800000 9.427600
930040.000000 612670.000000 3870.800000 -6.764100
926740.000000 612420.000000 3629.000000 -3.673100
925770.000000 619910.000000 3467.800000 16.665000
922850.000000 612420.000000 2984.200000 0.006982
936460.000000 598200.000000 3306.600000 -2.249500
925960.000000 604690.000000 3306.600000 -0.613180
924800.000000 607430.000000 3306.600000 0.789530
928680.000000 619660.000000 3548.400000 13.012000
926930.000000 597200.000000 3306.600000 -5.284600
932760.000000 613670.000000 3790.200000 -5.913100
939180.000000 603440.000000 3467.800000 -2.010800
936650.000000 619410.000000 2903.600000 -8.763300
929270.000000 604690.000000 3226.000000 -15.809000
931600.000000 609930.000000 3467.800000 -10.879000
934320.000000 601190.000000 3306.600000 -6.976400
939180.000000 611930.000000 3226.000000 -15.557000
931010.000000 602190.000000 3226.000000 -13.618000
939370.000000 617170.000000 3387.200000 3.506500
922660.000000 599950.000000 3467.800000 6.228800
934120.000000 619660.000000 3145.400000 -4.762600
936460.000000 607930.000000 3145.400000 -20.889000
936840.000000 601940.000000 3306.600000 -10.976000
924990.000000 614670.000000 3145.400000 -3.139600
930040.000000 616170.000000 3548.400000 -0.908880
933930.000000 597450.000000 3306.600000 -7.218000
929070.000000 599700.000000 3226.000000 -16.583000
939180.000000 597450.000000 3306.600000 5.738700
934710.000000 616420.000000 3467.800000 -2.636000
922460.000000 619660.000000 3790.200000 19.994000
928680.000000 609930.000000 3548.400000 -5.706900
930820.000000 606930.000000 3306.600000 -14.950000
936650.000000 610680.000000 3226.000000 -21.129000
922660.000000 606190.000000 3548.400000 8.505100
924990.000000 601940.000000 3306.600000 1.607200
925380.000000 610180.000000 3387.200000 -2.393200
939180.000000 614420.000000 3387.200000 -3.264400
922270.000000 615920.000000 3064.800000 2.729500
927910.000000 602190.000000 3226.000000 -14.833000
939180.000000 606190.000000 3226.000000 -6.571900
927130.000000 617170.000000 3548.400000 10.394000
936070.000000 613420.000000 3467.800000 -7.865600
933740.000000 607430.000000 3226.000000 -15.107000
931210.000000 619660.000000 3387.200000 3.395100
930630.000000 597200.000000 3306.600000 -14.612000
