921300.000000 596200.000000 3387.200000 1.811200
921300.000000 600200.000000 3629.000000 7.819500
921300.000000 604440.000000 3790.200000 9.883100
921300.000000 608430.000000 3226.000000 -1.079200
921300.000000 612670.000000 2742.400000 -2.354500
921300.000000 616670.000000 3306.600000 7.865900
921300.000000 620910.000000 3548.400000 8.318600
924600.000000 596200.000000 3226.000000 -2.697400
924600.000000 600200.000000 3306.600000 1.642600
924600.000000 604440.000000 3306.600000 2.825600
924600.000000 608430.000000 3306.600000 -0.622360
924600.000000 612670.000000 3306.600000 2.394400
924600.000000 616670.000000 3306.600000 5.511500
924600.000000 620910.000000 3629.000000 13.727000
927710.000000 596200.000000 3387.200000 -3.627400
927710.000000 600200.000000 3226.000000 -12.691000
927710.000000 604440.000000 3226.000000 -11.616000
927710.000000 608430.000000 3387.200000 -5.120200
927710.000000 612670.000000 3951.400000 2.749200
927710.000000 616670.000000 3629.000000 9.075800
927710.000000 620910.000000 3629.000000 10.407000
931010.000000 596200.000000 3306.600000 -9.162700
931010.000000 600200.000000 3226.000000 -19.350000
931010.000000 604440.000000 3226.000000 -11.147000
931010.000000 608430.000000 3387.200000 -11.620000
931010.000000 612670.000000 3790.200000 -9.611600
931010.000000 616670.000000 3306.600000 -9.383600
931010.000000 620910.000000 3145.400000 -1.492000
934120.000000 596200.000000 3387.200000 -3.486300
934120.000000 600200.000000 3306.600000 -8.927500
934120.000000 604440.000000 3226.000000 -7.944800
934120.000000 608430.000000 3306.600000 -15.611000
934120.000000 612670.000000 3629.000000 -8.987300
934120.000000 616670.000000 3306.600000 -7.768100
934120.000000 620910.000000 2823.000000 -10.706000
937430.000000 596200.000000 3306.600000 2.010500
937430.000000 600200.000000 3387.200000 -1.359600
937430.000000 604440.000000 3387.200000 -0.641580
937430.000000 608430.000000 3145.400000 -21.326000
937430.000000 612670.000000 3387.200000 -9.953800
937430.000000 616670.000000 3306.600000 -3.557800
937430.000000 620910.000000 2984.200000 -3.766000
940540.000000 596200.000000 3306.600000 0.988770
940540.000000 600200.000000 3629.000000 2.925700
940540.000000 604440.000000 3387.200000 -7.200700
940540.000000 608430.000000 3145.400000 -9.351600
940540.000000 612670.000000 3226.000000 -7.605900
940540.000000 616670.000000 3629.000000 4.889700
940540.000000 620910.000000 3548.400000 4.214600
