933350.000000 609180.000000 3306.600000 -12.490000
930240.000000 617170.000000 3548.400000 -18.459000
924600.000000 603940.000000 3387.200000 -16.969000
930430.000000 606680.000000 3306.600000 -12.987000
930040.000000 601440.000000 3226.000000 -8.850300
933540.000000 606190.000000 3226.000000 -13.365000
922270.000000 615170.000000 2823.000000 -9.363200
931400.000000 596700.000000 3306.600000 -4.980600
933540.000000 611930.000000 3548.400000 -11.518000
922080.000000 605940.000000 3709.600000 -16.268000
926550.000000 608680.000000 3387.200000 -15.406000
935680.000000 617920.000000 3226.000000 -0.974250
931400.000000 614170.000000 3790.200000 -15.475000
932180.000000 609430.000000 3387.200000 -13.421000
928880.000000 620910.000000 3629.000000 -15.266000
932960.000000 604440.000000 3226.000000 -14.778000
922270.000000 616670.000000 3145.400000 -12.446000
940540.000000 603690.000000 3467.800000 -8.525300
934900.000000 608930.000000 3226.000000 -8.879700
937040.000000 610680.000000 3226.000000 -7.217700
940340.000000 620160.000000 3548.400000 -1.958200
925570.000000 608430.000000 3306.600000 -12.995000
930240.000000 606190.000000 3306.600000 -12.968000
939570.000000 617420.000000 3467.800000 0.899580
930820.000000 607930.000000 3387.200000 -14.346000
940540.000000 601190.000000 3709.600000 -12.724000
924990.000000 611930.000000 3306.600000 -2.398500
937230.000000 606930.000000 3145.400000 -9.685000
933930.000000 618660.000000 3226.000000 -1.718000
938400.000000 607930.000000 3145.400000 -7.303900
921880.000000 601440.000000 3709.600000 -14.672000
926350.000000 615670.000000 3548.400000 -16.310000
930240.000000 602440.000000 3226.000000 -11.526000
930820.000000 608430.000000 3387.200000 -14.960000
937430.000000 603190.000000 3306.600000 -13.624000
927710.000000 605440.000000 3306.600000 -12.517000
931990.000000 618420.000000 3064.800000 -6.188000
921690.000000 608930.000000 3145.400000 -6.185100
928880.000000 614420.000000 3790.200000 -19.166000
934120.000000 603690.000000 3226.000000 -16.528000
931990.000000 607930.000000 3306.600000 -12.674000
921300.000000 604940.000000 3790.200000 -12.847000
937430.000000 611680.000000 3306.600000 -6.898200
924210.000000 599450.000000 3306.600000 -5.320800
939370.000000 600440.000000 3548.400000 -16.992000
921300.000000 605940.000000 3790.200000 -12.592000
930630.000000 600940.000000 3226.000000 -8.251100
927910.000000 612420.000000 3870.800000 -16.978000
924600.000000 611180.000000 3226.000000 -4.321100
925770.000000 597200.000000 3226.000000 -6.067100
928490.000000 601940.000000 3226.000000 -1.972500
937230.000000 617170.000000 3226.000000 4.376300
930820.000000 619410.000000 3387.200000 -15.745000
937040.000000 602940.000000 3387.200000 -14.534000
927130.000000 604190.000000 3226.000000 -11.159000
936650.000000 605690.000000 3145.400000 -12.058000
927130.000000 605940.000000 3306.600000 -13.676000
939950.000000 609930.000000 3145.400000 -6.773400
926160.000000 607430.000000 3306.600000 -14.570000
926160.000000 619160.000000 3387.200000 -21.323000
