936460.000000 620410.000000 2903.600000 -6.418800
935290.000000 612180.000000 3467.800000 -11.843000
935100.000000 612180.000000 3467.800000 -13.644000
939760.000000 617920.000000 3387.200000 5.806600
936840.000000 617920.000000 3064.800000 -7.165900
933540.000000 613170.000000 3709.600000 -8.291400
937040.000000 616920.000000 3145.400000 -7.738600
940340.000000 609680.000000 3145.400000 -11.485000
932760.000000 620410.000000 2984.200000 -7.738600
940540.000000 616170.000000 3548.400000 2.237300
932760.000000 613920.000000 3790.200000 -5.478300
931790.000000 620160.000000 3306.600000 0.326460
929850.000000 618420.000000 3629.000000 9.130700
929460.000000 618660.000000 3548.400000 9.860600
927520.000000 614670.000000 3709.600000 2.746700
922850.000000 610930.000000 3226.000000 0.740890
927710.000000 612670.000000 3951.400000 2.749200
925770.000000 613670.000000 3467.800000 -3.148200
925770.000000 610180.000000 3387.200000 -2.610000
929850.000000 602690.000000 3226.000000 -15.161000
929650.000000 602940.000000 3226.000000 -16.550000
928880.000000 608430.000000 3467.800000 -7.296900
930630.000000 608430.000000 3387.200000 -10.945000
930630.000000 602690.000000 3226.000000 -13.361000
925380.000000 601190.000000 3226.000000 -1.981100
926550.000000 598450.000000 3226.000000 -6.308000
928680.000000 598950.000000 3306.600000 -12.443000
925960.000000 606430.000000 3306.600000 -0.530520
930040.000000 601190.000000 3226.000000 -15.519000
929650.000000 601190.000000 3226.000000 -16.175000
926550.000000 596200.000000 3306.600000 -3.425000
927710.000000 606930.000000 3306.600000 -7.717800
926740.000000 600690.000000 3226.000000 -9.122900
926550.000000 604440.000000 3306.600000 -3.125400
923820.000000 602190.000000 3548.400000 8.961000
928880.000000 599450.000000 3226.000000 -15.013000
927130.000000 603190.000000 3226.000000 -9.066900
924990.000000 606190.000000 3306.600000 1.764700
928680.000000 602440.000000 3226.000000 -17.095000
928290.000000 607180.000000 3306.600000 -9.784900
922080.000000 601690.000000 3709.600000 12.200000
925380.000000 599450.000000 3226.000000 -4.251800
925960.000000 601440.000000 3226.000000 -3.938800
930240.000000 599200.000000 3306.600000 -19.130000
922850.000000 596200.000000 3306.600000 0.707850
923240.000000 605690.000000 3548.400000 9.905700
926350.000000 600690.000000 3226.000000 -7.674100
923630.000000 605940.000000 3467.800000 6.619000
923050.000000 596950.000000 3306.600000 2.074600
922660.000000 600690.000000 3548.400000 9.153100
927320.000000 598950.000000 3226.000000 -10.767000
925960.000000 603190.000000 3226.000000 -2.060200
930040.000000 603940.000000 3226.000000 -14.689000
924990.000000 602440.000000 3306.600000 0.834180
930430.000000 598450.000000 3306.600000 -17.840000
937620.000000 607680.000000 3145.400000 -19.819000
938400.000000 604940.000000 3306.600000 -3.111700
932180.000000 598950.000000 3306.600000 -15.679000
933740.000000 604940.000000 3226.000000 -7.386600
938210.000000 605440.000000 3226.000000 -5.813800
