4620000.000000 1820000.000000 2880.000000 0.116670
4617800.000000 1806300.000000 2710.000000 1.120000
4617400.000000 1806300.000000 2710.000000 -0.006187
4626100.000000 1815800.000000 3220.000000 1.797200
4620700.000000 1815800.000000 3560.000000 5.232600
4614500.000000 1808000.000000 2710.000000 0.342770
4621000.000000 1814200.000000 3390.000000 0.106410
4627200.000000 1802200.000000 2710.000000 -0.198230
4613100.000000 1820000.000000 2030.000000 0.282570
4627500.000000 1812900.000000 3560.000000 0.728280
4613100.000000 1809200.000000 2710.000000 -2.303700
4611300.000000 1819600.000000 2030.000000 -0.440320
4616300.000000 1810000.000000 3050.000000 6.376200
4617800.000000 1813400.000000 3220.000000 7.387600
4614500.000000 1808800.000000 2710.000000 0.451390
4616300.000000 1807100.000000 2710.000000 -0.210000
4620000.000000 1806300.000000 3050.000000 1.837200
4621400.000000 1803000.000000 2880.000000 -0.280150
4612700.000000 1801300.000000 2540.000000 -1.458400
4617800.000000 1801700.000000 2710.000000 -2.028600
4624600.000000 1809600.000000 3560.000000 1.341400
4614900.000000 1808400.000000 2710.000000 0.943510
4624300.000000 1805100.000000 3050.000000 0.571940
4627200.000000 1815400.000000 3220.000000 0.607280
4610900.000000 1819600.000000 1860.000000 0.377810
4616000.000000 1817500.000000 2710.000000 -0.537920
4618900.000000 1806300.000000 2880.000000 1.517400
4617100.000000 1814600.000000 3220.000000 3.068300
4619200.000000 1810900.000000 3220.000000 14.479000
4613500.000000 1804200.000000 2540.000000 -1.136500
4620000.000000 1811700.000000 3390.000000 -13.355000
4610900.000000 1818700.000000 2200.000000 -0.317640
4618100.000000 1812500.000000 3390.000000 12.193000
4624300.000000 1813800.000000 3730.000000 5.443100
4616300.000000 1813800.000000 3050.000000 2.383800
4617800.000000 1810500.000000 3050.000000 15.670000
4622800.000000 1809600.000000 3390.000000 5.063900
4619600.000000 1807100.000000 2880.000000 3.267800
4623900.000000 1817900.000000 3220.000000 0.947730
4618900.000000 1803800.000000 2710.000000 -0.205040
4626100.000000 1810500.000000 3730.000000 0.334850
4618900.000000 1810000.000000 3220.000000 16.772000
4623600.000000 1815400.000000 3730.000000 9.549500
4618900.000000 1807100.000000 3050.000000 3.638600
4615300.000000 1809600.000000 2710.000000 1.793000
4621400.000000 1803800.000000 2880.000000 0.914590
4619200.000000 1805100.000000 2880.000000 0.344130
4610600.000000 1814600.000000 2200.000000 0.188720
4623200.000000 1802600.000000 2880.000000 -0.041990
4626800.000000 1820800.000000 2880.000000 -0.336020
4612700.000000 1808800.000000 2540.000000 -0.190330
4622500.000000 1802600.000000 2710.000000 0.201830
4614900.000000 1803400.000000 2540.000000 -2.136300
4610200.000000 1818300.000000 2030.000000 -0.027826
4610200.000000 1803000.000000 2540.000000 -1.600500
4611300.000000 1808000.000000 2540.000000 -1.218800
4617100.000000 1815400.000000 3050.000000 1.898600
4618900.000000 1818300.000000 3050.000000 -0.789460
4623900.000000 1801300.000000 3050.000000 -1.576100
4620000.000000 1820800.000000 2710.000000 -0.314870
4626800.000000 1804200.000000 2880.000000 0.085453
4620300.000000 1806700.000000 3220.000000 2.378000
4611700.000000 1820400.000000 2030.000000 0.730600
4625400.000000 1811700.000000 3900.000000 -0.268470
4610900.000000 1812100.000000 2540.000000 -0.967050
4618100.000000 1815800.000000 3220.000000 0.971370
4620300.000000 1809600.000000 3220.000000 15.588000
4610900.000000 1816300.000000 2200.000000 -0.216540
4613800.000000 1809600.000000 2710.000000 -0.283120
4612700.000000 1814200.000000 2370.000000 0.975350
4613500.000000 1808000.000000 2540.000000 -0.280830
4626400.000000 1819600.000000 3050.000000 0.736140
4626100.000000 1809200.000000 3730.000000 0.162120
4617400.000000 1814600.000000 3220.000000 3.806300
4618900.000000 1816300.000000 3220.000000 3.274800
4617800.000000 1810000.000000 3050.000000 16.916000
4619200.000000 1817500.000000 3050.000000 1.852800
4626100.000000 1803000.000000 2710.000000 0.731590
4620300.000000 1817100.000000 3220.000000 2.251000
4609800.000000 1818300.000000 2030.000000 -0.011918
4623200.000000 1812100.000000 3730.000000 -5.246700
4613100.000000 1800500.000000 2540.000000 -0.966750
4624300.000000 1819200.000000 3050.000000 0.723780
4609800.000000 1818700.000000 1860.000000 0.264110
4618900.000000 1814200.000000 3560.000000 6.992200
4623900.000000 1807600.000000 3050.000000 0.894260
4624600.000000 1817100.000000 3220.000000 1.057300
4611700.000000 1802200.000000 2540.000000 -0.627640
4623600.000000 1819200.000000 3050.000000 0.730750
4623200.000000 1810500.000000 3560.000000 4.395400
4623200.000000 1805500.000000 3050.000000 0.746980
4613800.000000 1806300.000000 2710.000000 -1.122700
4611300.000000 1805500.000000 2710.000000 -2.027500
4616000.000000 1807100.000000 2710.000000 0.139170
4614900.000000 1817900.000000 2370.000000 0.377130
4618900.000000 1800900.000000 2880.000000 -1.889800
4617100.000000 1820000.000000 2540.000000 0.317310
4622100.000000 1815400.000000 3730.000000 6.579500
4617100.000000 1807600.000000 2880.000000 1.644900
4610900.000000 1808800.000000 2540.000000 -2.519000
4624600.000000 1819600.000000 3050.000000 1.015100
4627500.000000 1815800.000000 3220.000000 -0.010747
4625700.000000 1807600.000000 3220.000000 1.120500
4622500.000000 1820000.000000 2880.000000 1.507900
4613500.000000 1818700.000000 2370.000000 0.270600
4618500.000000 1809200.000000 3050.000000 15.283000
4613100.000000 1805900.000000 2540.000000 -1.044000
4616700.000000 1816300.000000 2880.000000 0.256370
4619200.000000 1809200.000000 3050.000000 16.139000
4614200.000000 1801300.000000 2540.000000 -1.967100
4619200.000000 1815400.000000 3390.000000 4.487800
4626400.000000 1816700.000000 3220.000000 1.074000
4618900.000000 1804600.000000 2710.000000 0.706830
4625000.000000 1806300.000000 3220.000000 0.213530
4615600.000000 1803400.000000 2540.000000 -0.148560
4616000.000000 1815400.000000 2710.000000 2.192200
4621000.000000 1813800.000000 3560.000000 -10.652000
4621400.000000 1806300.000000 3220.000000 0.752570
4622800.000000 1815800.000000 3730.000000 7.198600
4623200.000000 1810000.000000 3560.000000 4.859900
4611700.000000 1813800.000000 2370.000000 0.027583
4611300.000000 1804600.000000 2540.000000 -1.393500
4610600.000000 1805100.000000 2710.000000 -2.129700
4623600.000000 1808800.000000 3560.000000 2.825900
4625400.000000 1806700.000000 3220.000000 0.549580
4613100.000000 1803400.000000 2540.000000 -1.962800
4615600.000000 1808400.000000 2710.000000 0.878520
4625400.000000 1814600.000000 3390.000000 2.788500
4621800.000000 1802600.000000 2880.000000 -1.397700
4611700.000000 1801300.000000 2540.000000 -1.728400
4611700.000000 1800900.000000 2540.000000 -1.743900
4620700.000000 1816700.000000 3390.000000 3.588400
4625000.000000 1812500.000000 3900.000000 0.862950
4623600.000000 1811300.000000 3560.000000 1.351800
4617100.000000 1808000.000000 2880.000000 3.510200
4612700.000000 1809600.000000 2540.000000 -0.290200
4618100.000000 1810900.000000 3220.000000 17.253000
4614200.000000 1808800.000000 2710.000000 -0.244820
4610900.000000 1810000.000000 2540.000000 -1.184700
4613100.000000 1815400.000000 2370.000000 0.876030
4623900.000000 1815000.000000 3730.000000 9.595400
4617400.000000 1812900.000000 3390.000000 6.764700
4617800.000000 1807600.000000 2880.000000 3.976700
4619600.000000 1803400.000000 2880.000000 -0.758190
4617100.000000 1817500.000000 2880.000000 0.886000
4617400.000000 1817100.000000 3050.000000 -0.205990
4619600.000000 1802600.000000 2710.000000 0.589550
4611300.000000 1805100.000000 2540.000000 -1.605000
4614200.000000 1805900.000000 2710.000000 -1.334800
4625000.000000 1820800.000000 2880.000000 0.697230
4613100.000000 1806300.000000 2710.000000 -1.954200
4620300.000000 1807600.000000 3050.000000 5.128000
4613800.000000 1802200.000000 2540.000000 -1.713600
4616300.000000 1803400.000000 2540.000000 -1.073600
4616700.000000 1818300.000000 2710.000000 -0.026647
4623900.000000 1808000.000000 3220.000000 2.377800
4622500.000000 1816300.000000 3730.000000 7.398500
4621000.000000 1820400.000000 2880.000000 -0.126540
4610200.000000 1819600.000000 2200.000000 0.623190
4623900.000000 1806300.000000 3050.000000 1.822800
4619600.000000 1806300.000000 2880.000000 1.226300
4623600.000000 1810500.000000 3560.000000 5.362900
4614200.000000 1805100.000000 2540.000000 -1.080400
4612700.000000 1819200.000000 2200.000000 -0.109560
4611300.000000 1815800.000000 2200.000000 0.698320
4626400.000000 1804600.000000 2880.000000 -0.673410
4616000.000000 1810000.000000 2880.000000 4.322800
4627500.000000 1820000.000000 2880.000000 0.700960
4624600.000000 1802200.000000 2880.000000 0.192310
4621800.000000 1810000.000000 3390.000000 8.175900
4625000.000000 1809600.000000 3560.000000 3.179600
4615600.000000 1816700.000000 2710.000000 -0.061693
4613800.000000 1813400.000000 2540.000000 0.865720
4618900.000000 1813400.000000 3390.000000 11.405000
4616700.000000 1812500.000000 3050.000000 4.698800
4615300.000000 1817100.000000 2540.000000 -0.365000
4615600.000000 1817500.000000 2540.000000 -0.892930
4613100.000000 1813800.000000 2370.000000 1.386700
4623600.000000 1804600.000000 2880.000000 0.746410
4614200.000000 1809200.000000 2710.000000 0.231360
4620700.000000 1801300.000000 2880.000000 -0.734750
4612000.000000 1813800.000000 2200.000000 1.834000
4613100.000000 1812100.000000 2540.000000 0.177840
4620300.000000 1818700.000000 3050.000000 1.205300
4613500.000000 1803400.000000 2540.000000 -1.692400
4620300.000000 1800500.000000 2880.000000 -0.726500
4627200.000000 1810000.000000 3900.000000 -2.888700
4614200.000000 1818300.000000 2370.000000 0.721310
4613100.000000 1812900.000000 2540.000000 0.899710
4620300.000000 1802600.000000 2880.000000 -0.947380
4626800.000000 1818700.000000 3050.000000 0.748200
4617100.000000 1805100.000000 2710.000000 0.251130
4615300.000000 1806300.000000 2710.000000 -0.784280
4618900.000000 1816700.000000 3220.000000 0.924890
4618500.000000 1810000.000000 3220.000000 17.842000
4619200.000000 1814200.000000 3390.000000 9.057100
4614200.000000 1807600.000000 2710.000000 -0.574230
4613500.000000 1809200.000000 2540.000000 0.504110
4613800.000000 1813800.000000 2540.000000 1.597200
4617400.000000 1803800.000000 2710.000000 -0.817730
4620000.000000 1803000.000000 2880.000000 -1.428100
4611700.000000 1819600.000000 1860.000000 0.545140
4627200.000000 1817900.000000 3050.000000 1.065800
4617400.000000 1805100.000000 2710.000000 -0.573200
4616000.000000 1803400.000000 2540.000000 -0.565780
4621800.000000 1817900.000000 3220.000000 1.873300
4612700.000000 1803400.000000 2540.000000 -1.317800
4617400.000000 1812100.000000 3220.000000 10.532000
4617400.000000 1814200.000000 3220.000000 4.265200
4610900.000000 1808000.000000 2540.000000 -0.679500
4625400.000000 1812900.000000 3730.000000 2.243900
4611300.000000 1816700.000000 2030.000000 0.261880
4626400.000000 1802600.000000 2710.000000 0.044439
4623900.000000 1820000.000000 2880.000000 0.482810
4623600.000000 1800900.000000 2710.000000 0.600450
4617400.000000 1800500.000000 2710.000000 -0.362880
4623600.000000 1805500.000000 3050.000000 0.598500
4623200.000000 1807600.000000 3050.000000 2.037200
4624600.000000 1819200.000000 3050.000000 0.399080
4613500.000000 1809600.000000 2710.000000 -0.618280
4622100.000000 1815800.000000 3560.000000 8.281300
4627500.000000 1809600.000000 3730.000000 0.165670
4622800.000000 1820000.000000 2880.000000 0.842730
4626800.000000 1808000.000000 3560.000000 0.412440
4625700.000000 1820800.000000 2880.000000 0.704460
4623200.000000 1814200.000000 4070.000000 -2.761800
4620700.000000 1805100.000000 2880.000000 0.223080
4620300.000000 1804200.000000 2880.000000 1.025800
4623600.000000 1816300.000000 3560.000000 5.002500
4622100.000000 1810000.000000 3560.000000 5.626500
4624300.000000 1810900.000000 3730.000000 3.785400
4621400.000000 1803400.000000 2880.000000 -0.004657
4623900.000000 1811700.000000 3730.000000 4.135200
4613500.000000 1803800.000000 2540.000000 -2.348700
4614200.000000 1813800.000000 2540.000000 1.710800
4616300.000000 1806700.000000 2710.000000 -0.308450
4611700.000000 1804200.000000 2540.000000 -1.684900
4619600.000000 1819200.000000 2880.000000 0.130290
4626100.000000 1819200.000000 3050.000000 0.751980
4626400.000000 1809200.000000 3730.000000 -0.295820
4615600.000000 1801300.000000 2540.000000 -1.887900
4623600.000000 1815000.000000 3900.000000 6.079900
4618100.000000 1819600.000000 2880.000000 -0.607480
4623600.000000 1818700.000000 3050.000000 1.448300
4615300.000000 1803000.000000 2540.000000 -1.986100
4615600.000000 1800900.000000 2540.000000 -0.737490
4611300.000000 1814200.000000 2200.000000 1.040900
4620700.000000 1806300.000000 3050.000000 2.023600
4616300.000000 1817100.000000 2710.000000 -0.349470
4616700.000000 1820400.000000 2540.000000 -0.887150
4617800.000000 1801300.000000 2710.000000 -1.967300
4620300.000000 1805900.000000 2880.000000 1.998600
4623200.000000 1811300.000000 3560.000000 -2.257400
4618500.000000 1810900.000000 3220.000000 16.259000
4612000.000000 1810500.000000 2540.000000 0.057694
4622500.000000 1805900.000000 2880.000000 1.440400
4623900.000000 1801700.000000 2880.000000 -0.960510
4619600.000000 1811700.000000 3390.000000 -6.760000
4610600.000000 1800500.000000 2540.000000 -0.203650
4627500.000000 1813400.000000 3560.000000 -0.909810
4619200.000000 1817100.000000 3220.000000 0.457020
4612400.000000 1815800.000000 2200.000000 -0.194720
4623900.000000 1802200.000000 2880.000000 -0.936680
4610900.000000 1812500.000000 2540.000000 0.323320
4621800.000000 1818700.000000 3220.000000 0.723660
4621800.000000 1805500.000000 3050.000000 0.562440
4619200.000000 1802200.000000 2880.000000 -1.262000
4616300.000000 1811700.000000 2880.000000 4.674400
4620000.000000 1812900.000000 3730.000000 -9.033900
4626100.000000 1808000.000000 3390.000000 1.387400
4610600.000000 1817500.000000 2370.000000 0.059092
4612400.000000 1808000.000000 2540.000000 -1.268200
4627200.000000 1819200.000000 3050.000000 1.584000
4617400.000000 1815000.000000 3220.000000 1.827300
4612400.000000 1807600.000000 2540.000000 -0.780180
4621800.000000 1810500.000000 3560.000000 0.916020
4617100.000000 1818700.000000 2710.000000 -0.496940
4612000.000000 1808000.000000 2540.000000 -0.826050
4620700.000000 1816300.000000 3560.000000 4.839500
4611300.000000 1820000.000000 2030.000000 -1.107400
4612000.000000 1809200.000000 2540.000000 -0.690920
4622800.000000 1814200.000000 4240.000000 -6.045200
4622800.000000 1816700.000000 3560.000000 3.389000
4616700.000000 1820800.000000 2540.000000 0.626300
4616300.000000 1817900.000000 2710.000000 -0.260920
4622500.000000 1809600.000000 3390.000000 5.793000
4609800.000000 1812500.000000 2540.000000 -1.108200
4618900.000000 1820800.000000 2540.000000 -0.638250
4623900.000000 1818300.000000 3220.000000 1.000000
4623600.000000 1806300.000000 3050.000000 1.334900
4614500.000000 1819200.000000 2370.000000 -0.106730
4627500.000000 1808800.000000 3560.000000 -1.051600
4624300.000000 1812100.000000 3900.000000 2.263500
4621400.000000 1800500.000000 2880.000000 -0.652140
4626400.000000 1812500.000000 3730.000000 0.015530
4618500.000000 1813400.000000 3390.000000 9.738500
4625400.000000 1810000.000000 3730.000000 0.489270
4623600.000000 1806700.000000 3050.000000 2.101200
4622100.000000 1812500.000000 3730.000000 -21.264000
4622100.000000 1803000.000000 2880.000000 0.198350
4622100.000000 1801700.000000 2880.000000 -0.914050
4615300.000000 1802600.000000 2540.000000 -1.565900
4619200.000000 1812900.000000 3560.000000 7.455100
4612400.000000 1801700.000000 2540.000000 -1.337900
4611300.000000 1803800.000000 2540.000000 -0.929260
4625000.000000 1818700.000000 3050.000000 1.861500
4616300.000000 1801700.000000 2540.000000 -0.749760
4616700.000000 1801300.000000 2880.000000 -1.448400
4619200.000000 1815800.000000 3390.000000 3.264000
4621000.000000 1800900.000000 2880.000000 -1.212800
4621000.000000 1807600.000000 3050.000000 4.185500
4623600.000000 1818300.000000 3220.000000 1.363000
4613100.000000 1815000.000000 2370.000000 0.799640
4621400.000000 1812500.000000 3730.000000 -26.854000
4624300.000000 1816700.000000 3390.000000 1.878200
4610900.000000 1820800.000000 2030.000000 0.246360
4611300.000000 1812500.000000 2540.000000 -0.127590
4615600.000000 1804600.000000 2540.000000 -0.879030
4615300.000000 1815800.000000 2710.000000 1.289800
4612700.000000 1804600.000000 2540.000000 -1.276600
4614200.000000 1812500.000000 2540.000000 0.672900
4620700.000000 1804600.000000 2710.000000 0.923890
4614500.000000 1805500.000000 2540.000000 -1.149800
4625000.000000 1817900.000000 3220.000000 0.808210
4623600.000000 1808000.000000 3220.000000 1.906500
4626400.000000 1814600.000000 3390.000000 0.875890
4618900.000000 1808400.000000 3220.000000 12.881000
4610200.000000 1808400.000000 2540.000000 -0.619730
4612700.000000 1818300.000000 2200.000000 0.265320
4625000.000000 1820000.000000 2880.000000 -0.347990
4625700.000000 1817500.000000 3220.000000 0.645870
4621000.000000 1814600.000000 3390.000000 3.799400
4611300.000000 1813400.000000 2370.000000 0.556000
4612700.000000 1817100.000000 2370.000000 -0.015894
4621400.000000 1811700.000000 3730.000000 -18.682000
4619200.000000 1809600.000000 3220.000000 17.216000
4618900.000000 1812100.000000 3560.000000 9.711600
4615600.000000 1807600.000000 2710.000000 0.101500
4613800.000000 1820800.000000 2030.000000 0.272720
4617400.000000 1803000.000000 2710.000000 -1.004800
4612700.000000 1806300.000000 2540.000000 -0.615750
4614500.000000 1812500.000000 2710.000000 1.104600
4620700.000000 1808000.000000 3220.000000 4.595800
4617800.000000 1807100.000000 2880.000000 2.710500
4611700.000000 1812500.000000 2370.000000 -0.166720
4619600.000000 1815000.000000 3390.000000 7.190100
4612700.000000 1803800.000000 2540.000000 -0.792650
4617400.000000 1817500.000000 3050.000000 -2.040100
4626100.000000 1813800.000000 3560.000000 0.344050
4618500.000000 1807100.000000 2880.000000 3.023000
4624600.000000 1812100.000000 3900.000000 1.974100
4613100.000000 1820400.000000 2030.000000 0.808520
4622100.000000 1803800.000000 2880.000000 0.211660
4624300.000000 1811300.000000 3730.000000 3.446500
4615300.000000 1816700.000000 2710.000000 -0.293910
4617400.000000 1808800.000000 2880.000000 11.178000
4626100.000000 1806700.000000 3050.000000 0.895520
4612700.000000 1815000.000000 2200.000000 0.865490
4624300.000000 1818300.000000 3220.000000 0.259320
4623200.000000 1812500.000000 3730.000000 -6.999700
4615300.000000 1813800.000000 2710.000000 1.984600
4620300.000000 1811300.000000 3390.000000 -11.106000
4622800.000000 1813400.000000 4070.000000 -9.724900
4622800.000000 1815400.000000 3900.000000 6.894300
4610600.000000 1820800.000000 2200.000000 -0.252920
4618100.000000 1818700.000000 2710.000000 0.458350
4627500.000000 1800900.000000 2710.000000 0.847130
4618500.000000 1817500.000000 3220.000000 -0.755990
4617400.000000 1802600.000000 2710.000000 -1.559600
4622500.000000 1808400.000000 3220.000000 3.273400
4621800.000000 1816700.000000 3390.000000 3.043400
4624600.000000 1818300.000000 3220.000000 0.452360
4625400.000000 1817900.000000 3220.000000 0.670000
4623600.000000 1812500.000000 3900.000000 -1.488000
