4625000.000000 1820000.000000 2880.000000 -0.347990
4625700.000000 1815000.000000 3390.000000 1.688000
4621800.000000 1817100.000000 3390.000000 2.879600
4621800.000000 1815800.000000 3560.000000 8.242800
4625700.000000 1812900.000000 3730.000000 1.395700
4626100.000000 1817100.000000 3220.000000 0.414030
4621000.000000 1816300.000000 3560.000000 5.485400
4620000.000000 1811700.000000 3390.000000 -13.355000
4626400.000000 1811700.000000 3730.000000 -0.142570
4620700.000000 1819200.000000 3050.000000 -0.623010
4622500.000000 1817100.000000 3560.000000 2.598000
4619200.000000 1813400.000000 3560.000000 8.521000
4619600.000000 1812900.000000 3730.000000 0.781300
4620000.000000 1817100.000000 3220.000000 1.548100
4626800.000000 1813800.000000 3560.000000 -0.210350
4620000.000000 1811300.000000 3560.000000 -10.407000
4618900.000000 1811700.000000 3390.000000 11.372000
4623900.000000 1818300.000000 3220.000000 1.000000
4624300.000000 1819200.000000 3050.000000 0.723780
4622800.000000 1815400.000000 3900.000000 6.894300
4620700.000000 1813400.000000 3560.000000 -14.049000
4620700.000000 1820400.000000 2880.000000 -1.198700
4619200.000000 1820800.000000 2540.000000 0.868440
4627500.000000 1819600.000000 3050.000000 0.511890
4625000.000000 1815800.000000 3390.000000 1.624400
4620300.000000 1815000.000000 3560.000000 9.210700
4622500.000000 1813800.000000 4070.000000 -11.818000
4627200.000000 1812100.000000 3560.000000 1.892200
4627500.000000 1819200.000000 3050.000000 0.122900
4622500.000000 1813400.000000 3900.000000 -13.494000
4623600.000000 1814600.000000 3900.000000 5.451200
4622500.000000 1815400.000000 3900.000000 6.834900
4621400.000000 1814600.000000 3560.000000 0.033336
4626800.000000 1812500.000000 3560.000000 1.605700
4620700.000000 1813800.000000 3390.000000 -3.862600
4625700.000000 1815800.000000 3390.000000 1.108800
4623600.000000 1815000.000000 3900.000000 6.079900
4627500.000000 1815800.000000 3220.000000 -0.010747
4621400.000000 1813400.000000 3900.000000 -17.750000
4627200.000000 1820800.000000 2880.000000 0.519430
4624300.000000 1813400.000000 3900.000000 3.970500
4619200.000000 1816700.000000 3220.000000 1.555900
4620000.000000 1815400.000000 3560.000000 5.462900
4627500.000000 1814200.000000 3390.000000 -0.158150
4623200.000000 1818300.000000 3220.000000 0.622330
4621800.000000 1814200.000000 3900.000000 -12.426000
4622500.000000 1815000.000000 3900.000000 -0.863760
4626100.000000 1816300.000000 3220.000000 0.241100
4620000.000000 1812100.000000 3390.000000 -13.363000
4623600.000000 1818700.000000 3050.000000 1.448300
4626800.000000 1813400.000000 3560.000000 0.733100
4622800.000000 1813400.000000 4070.000000 -9.724900
4618900.000000 1815000.000000 3390.000000 4.987300
4622500.000000 1814600.000000 4070.000000 -4.270500
4627500.000000 1810900.000000 3730.000000 -0.703450
4623200.000000 1815400.000000 3900.000000 7.660100
4620700.000000 1815000.000000 3560.000000 8.298700
4625000.000000 1814600.000000 3560.000000 3.225800
4621800.000000 1815000.000000 3730.000000 0.909060
4619200.000000 1812900.000000 3560.000000 7.455100
4627200.000000 1812500.000000 3560.000000 0.871860
4625700.000000 1813800.000000 3560.000000 2.713900
4621400.000000 1817900.000000 3220.000000 1.391900
4626100.000000 1814600.000000 3390.000000 1.172100
4627200.000000 1816300.000000 3220.000000 1.019700
4623200.000000 1810900.000000 3560.000000 0.438880
4619600.000000 1813400.000000 3560.000000 4.652200
4621400.000000 1819600.000000 3050.000000 -0.990470
4626400.000000 1815000.000000 3390.000000 0.388060
4622100.000000 1815000.000000 3730.000000 1.284200
4622500.000000 1820000.000000 2880.000000 1.507900
4618900.000000 1820800.000000 2540.000000 -0.638250
4620000.000000 1813800.000000 3560.000000 4.613700
4616000.000000 1818700.000000 2540.000000 -0.362070
4618500.000000 1817100.000000 3050.000000 0.409230
4609800.000000 1814200.000000 2370.000000 0.560540
4618500.000000 1814200.000000 3560.000000 5.231200
4615600.000000 1819200.000000 2540.000000 -0.241630
4612400.000000 1816700.000000 2370.000000 0.437980
4614900.000000 1817100.000000 2540.000000 0.092921
4616000.000000 1811700.000000 2880.000000 3.241900
4618100.000000 1812100.000000 3390.000000 12.884000
4611700.000000 1811700.000000 2540.000000 -0.363470
4617100.000000 1816300.000000 3050.000000 1.130200
4613800.000000 1820400.000000 2200.000000 1.160200
4612400.000000 1817900.000000 2370.000000 1.341000
4615600.000000 1817500.000000 2540.000000 -0.892930
4615300.000000 1820400.000000 2370.000000 1.038200
4610900.000000 1819200.000000 2030.000000 0.041551
4615300.000000 1817100.000000 2540.000000 -0.365000
4618500.000000 1818300.000000 3050.000000 -1.182000
4618500.000000 1816700.000000 3050.000000 0.733520
4613100.000000 1814200.000000 2370.000000 0.650690
4614500.000000 1817100.000000 2540.000000 -0.187980
4616700.000000 1820400.000000 2540.000000 -0.887150
4609800.000000 1819200.000000 2030.000000 0.285680
4618500.000000 1813800.000000 3390.000000 7.254100
4612400.000000 1819600.000000 2030.000000 -0.441970
4612700.000000 1814200.000000 2370.000000 0.975350
4613800.000000 1812100.000000 2540.000000 1.433000
4610900.000000 1811300.000000 2540.000000 -1.026900
4612400.000000 1812900.000000 2370.000000 1.330000
4612400.000000 1815000.000000 2200.000000 1.007200
4617800.000000 1813400.000000 3220.000000 7.387600
4613800.000000 1819600.000000 2370.000000 1.196700
4610200.000000 1818300.000000 2030.000000 -0.027826
4612400.000000 1813400.000000 2370.000000 0.713660
4612400.000000 1810900.000000 2540.000000 0.243950
4612000.000000 1815800.000000 2200.000000 1.319500
4613100.000000 1813400.000000 2370.000000 0.544380
4617100.000000 1817500.000000 2880.000000 0.886000
4616700.000000 1813800.000000 3050.000000 3.425000
4610900.000000 1812100.000000 2540.000000 -0.967050
4617400.000000 1820400.000000 2710.000000 -0.907510
4616700.000000 1814600.000000 3050.000000 2.803100
4617400.000000 1813800.000000 3390.000000 4.230800
4611300.000000 1817100.000000 2030.000000 -0.104230
4615600.000000 1809200.000000 2710.000000 1.222200
4610900.000000 1808000.000000 2540.000000 -0.679500
4616000.000000 1810000.000000 2880.000000 4.322800
4610200.000000 1809600.000000 2370.000000 0.856640
4614900.000000 1810500.000000 2710.000000 1.495500
4612700.000000 1803400.000000 2540.000000 -1.317800
4616000.000000 1809200.000000 2880.000000 3.462500
4613800.000000 1803400.000000 2540.000000 -1.381500
4610200.000000 1807600.000000 2540.000000 -1.212000
4614200.000000 1803400.000000 2540.000000 -1.794400
4614900.000000 1808400.000000 2710.000000 0.943510
4616700.000000 1808800.000000 2880.000000 4.915700
4618100.000000 1802200.000000 2710.000000 -1.988600
4611300.000000 1801700.000000 2540.000000 -1.345200
4617400.000000 1808000.000000 2880.000000 5.568400
4610200.000000 1804200.000000 2540.000000 -0.993900
4610600.000000 1808400.000000 2540.000000 -1.182300
4615300.000000 1803800.000000 2540.000000 -1.892800
4618100.000000 1808400.000000 2880.000000 10.748000
4611700.000000 1804600.000000 2540.000000 -1.922000
4617800.000000 1803800.000000 2710.000000 -0.777340
4610900.000000 1810500.000000 2540.000000 -0.467510
4617100.000000 1807100.000000 2710.000000 0.953610
4617800.000000 1809200.000000 2880.000000 14.484000
4615600.000000 1808400.000000 2710.000000 0.878520
4613500.000000 1801700.000000 2540.000000 -0.709110
4613500.000000 1800900.000000 2540.000000 -1.644500
4616000.000000 1800900.000000 2540.000000 -1.922300
4613800.000000 1800500.000000 2540.000000 -0.598520
4610600.000000 1803000.000000 2540.000000 -1.165500
4611700.000000 1804200.000000 2540.000000 -1.684900
4612400.000000 1803000.000000 2540.000000 -1.757100
4610900.000000 1806700.000000 2540.000000 -1.822700
4612400.000000 1805900.000000 2540.000000 -2.638200
4609800.000000 1804200.000000 2540.000000 -1.079400
4610200.000000 1801300.000000 2540.000000 -0.103730
4611300.000000 1805100.000000 2540.000000 -1.605000
4613100.000000 1803000.000000 2540.000000 -1.632800
4613800.000000 1800900.000000 2540.000000 -0.786550
4617800.000000 1803000.000000 2710.000000 -0.814070
4616000.000000 1808800.000000 2710.000000 1.661600
4618100.000000 1803000.000000 2710.000000 -0.171540
4610600.000000 1808800.000000 2540.000000 -1.535300
4610900.000000 1805100.000000 2710.000000 -2.114600
4618500.000000 1805500.000000 2710.000000 0.272100
4612400.000000 1808000.000000 2540.000000 -1.268200
4612700.000000 1802200.000000 2540.000000 -1.434200
4610900.000000 1801300.000000 2540.000000 -1.422800
4615600.000000 1808000.000000 2710.000000 0.957750
4610200.000000 1804600.000000 2540.000000 -0.789830
4617100.000000 1801700.000000 2710.000000 0.214190
4609800.000000 1808000.000000 2540.000000 -0.769290
4616700.000000 1806300.000000 2710.000000 -0.153400
4611700.000000 1808000.000000 2540.000000 -0.064037
4612700.000000 1805900.000000 2540.000000 -0.822170
4616300.000000 1804600.000000 2710.000000 -1.659000
4613800.000000 1809200.000000 2710.000000 -0.813640
4616700.000000 1808400.000000 2880.000000 5.215200
4617400.000000 1802200.000000 2710.000000 -0.786330
4615300.000000 1807100.000000 2710.000000 -0.444240
4618500.000000 1810500.000000 3220.000000 18.402000
4618100.000000 1806300.000000 2710.000000 1.568700
4618500.000000 1802200.000000 2710.000000 -1.666000
4617400.000000 1805100.000000 2710.000000 -0.573200
4612000.000000 1802600.000000 2540.000000 -1.271400
4614200.000000 1805900.000000 2710.000000 -1.334800
4614500.000000 1809200.000000 2710.000000 0.130720
4616300.000000 1809600.000000 3050.000000 5.141000
4613500.000000 1802200.000000 2540.000000 -1.081600
4618500.000000 1809200.000000 3050.000000 15.283000
4610900.000000 1803400.000000 2540.000000 -1.523800
4612700.000000 1805100.000000 2540.000000 -1.701800
4613100.000000 1802600.000000 2540.000000 -1.092100
4611300.000000 1808800.000000 2540.000000 -1.584600
4614500.000000 1810500.000000 2710.000000 1.077600
4612700.000000 1808400.000000 2540.000000 -0.909880
4612700.000000 1804600.000000 2540.000000 -1.276600
4618500.000000 1808800.000000 3050.000000 14.608000
4617800.000000 1800500.000000 2710.000000 -0.410160
4613100.000000 1806300.000000 2710.000000 -1.954200
4611300.000000 1802600.000000 2540.000000 -1.337900
4615600.000000 1801300.000000 2540.000000 -1.887900
4610900.000000 1804200.000000 2540.000000 -1.325400
4617800.000000 1810500.000000 3050.000000 15.670000
4615600.000000 1810500.000000 2710.000000 3.837800
4610600.000000 1807100.000000 2540.000000 -1.219400
4614900.000000 1801300.000000 2540.000000 -1.883300
4614900.000000 1801700.000000 2540.000000 -0.853240
4610200.000000 1810000.000000 2370.000000 -1.687400
4618500.000000 1802600.000000 2710.000000 -0.954870
4612000.000000 1800500.000000 2540.000000 -0.427780
4614200.000000 1809200.000000 2710.000000 0.231360
4614200.000000 1808400.000000 2710.000000 -0.456310
4614500.000000 1804600.000000 2540.000000 -1.696900
4610600.000000 1806700.000000 2540.000000 -1.257700
4612400.000000 1809200.000000 2540.000000 -1.349500
4615300.000000 1806300.000000 2710.000000 -0.784280
4613500.000000 1806300.000000 2710.000000 -2.021700
4611700.000000 1800900.000000 2540.000000 -1.743900
4610200.000000 1802200.000000 2540.000000 -1.609100
4617100.000000 1810500.000000 2880.000000 12.802000
4618500.000000 1805100.000000 2710.000000 0.508740
4614500.000000 1805100.000000 2540.000000 0.091870
4609800.000000 1800900.000000 2540.000000 -0.968210
4610900.000000 1809200.000000 2540.000000 -1.342500
4612700.000000 1800900.000000 2540.000000 -1.774600
4614200.000000 1802600.000000 2540.000000 -1.658100
4613500.000000 1805500.000000 2540.000000 -1.692900
4611700.000000 1801700.000000 2540.000000 -0.896440
4614900.000000 1802200.000000 2540.000000 -2.189700
4613800.000000 1806700.000000 2710.000000 -1.787000
4617100.000000 1802200.000000 2710.000000 -1.728100
4614900.000000 1804600.000000 2540.000000 -1.600600
4610900.000000 1802200.000000 2540.000000 -1.540900
4614900.000000 1803400.000000 2540.000000 -2.136300
4611700.000000 1803000.000000 2540.000000 -0.560760
4618100.000000 1809200.000000 3050.000000 15.030000
4610900.000000 1800500.000000 2540.000000 -1.021200
4616000.000000 1805900.000000 2710.000000 0.049923
4617800.000000 1807600.000000 2880.000000 3.976700
4617100.000000 1803400.000000 2710.000000 -1.928700
4610600.000000 1800500.000000 2540.000000 -0.203650
4616700.000000 1807600.000000 2710.000000 2.685700
4617400.000000 1808400.000000 3050.000000 9.273700
4614200.000000 1807100.000000 2710.000000 -1.347900
4618100.000000 1805100.000000 2710.000000 1.326900
4617400.000000 1800900.000000 2710.000000 -1.307500
4613100.000000 1802200.000000 2540.000000 -1.337800
4614500.000000 1800500.000000 2540.000000 -1.110200
4613800.000000 1804200.000000 2540.000000 -1.413400
4615300.000000 1805500.000000 2540.000000 -1.379600
4617400.000000 1808800.000000 2880.000000 11.178000
4610900.000000 1808400.000000 2540.000000 -0.889270
4611300.000000 1804200.000000 2540.000000 -1.865300
4618100.000000 1810000.000000 3050.000000 17.797000
4615300.000000 1809600.000000 2710.000000 1.793000
4616300.000000 1805100.000000 2710.000000 -0.699880
4612400.000000 1806300.000000 2710.000000 -1.914300
4615600.000000 1804600.000000 2540.000000 -0.879030
4615300.000000 1803400.000000 2540.000000 -1.702200
4612700.000000 1810500.000000 2710.000000 -0.423200
4613800.000000 1810500.000000 2710.000000 0.544860
4610900.000000 1805500.000000 2710.000000 -1.420400
4617100.000000 1805500.000000 2710.000000 -0.037560
4616700.000000 1805500.000000 2710.000000 -1.010700
4618500.000000 1806300.000000 2710.000000 1.869100
4614500.000000 1806700.000000 2710.000000 -0.773620
4614200.000000 1803800.000000 2540.000000 -1.898400
4617100.000000 1805900.000000 2710.000000 0.442760
4616000.000000 1801300.000000 2540.000000 -0.429580
4617800.000000 1808800.000000 2880.000000 11.591000
4613500.000000 1808800.000000 2710.000000 -0.398090
4618500.000000 1808000.000000 3050.000000 7.399700
4616300.000000 1808400.000000 2710.000000 3.823200
4611300.000000 1809200.000000 2540.000000 -0.325320
4612000.000000 1807100.000000 2540.000000 -0.473630
4612000.000000 1809600.000000 2540.000000 0.005442
4612000.000000 1806300.000000 2540.000000 -1.029700
4616300.000000 1804200.000000 2540.000000 -0.940960
4613100.000000 1805500.000000 2540.000000 -1.918700
4617400.000000 1806700.000000 2710.000000 1.789700
4612700.000000 1808800.000000 2540.000000 -0.190330
4609800.000000 1803400.000000 2540.000000 0.056190
4618500.000000 1807100.000000 2880.000000 3.023000
4610900.000000 1807600.000000 2540.000000 -2.081100
4613100.000000 1808800.000000 2540.000000 -0.398900
4615300.000000 1802600.000000 2540.000000 -1.565900
4616000.000000 1803000.000000 2540.000000 -0.273530
4613500.000000 1803000.000000 2540.000000 -1.729000
4614900.000000 1800900.000000 2540.000000 -1.400400
4609800.000000 1807600.000000 2540.000000 -1.558100
4613100.000000 1809600.000000 2710.000000 -0.048862
4609800.000000 1810000.000000 2370.000000 0.184020
4614500.000000 1800900.000000 2540.000000 -0.021967
4610600.000000 1805900.000000 2540.000000 -1.340500
4613500.000000 1805900.000000 2540.000000 -1.090500
4612000.000000 1805100.000000 2540.000000 -1.803600
4612700.000000 1803000.000000 2540.000000 -1.818400
4612000.000000 1806700.000000 2540.000000 -0.611690
4615600.000000 1803400.000000 2540.000000 -0.148560
4617400.000000 1805900.000000 2710.000000 0.268500
4609800.000000 1800500.000000 2540.000000 -1.223400
4616300.000000 1805900.000000 2710.000000 -0.706020
4617800.000000 1802600.000000 2710.000000 -1.463300
4609800.000000 1802600.000000 2540.000000 -1.198100
4615300.000000 1807600.000000 2710.000000 0.000738
4616300.000000 1800900.000000 2540.000000 -1.324000
4611300.000000 1800500.000000 2540.000000 -0.521600
4614900.000000 1804200.000000 2540.000000 -0.689000
4609800.000000 1808800.000000 2540.000000 -1.065300
4613800.000000 1810000.000000 2710.000000 -0.417330
4612400.000000 1803800.000000 2540.000000 -1.896500
4611700.000000 1800500.000000 2540.000000 -1.980300
4617400.000000 1809200.000000 2880.000000 12.601000
4614500.000000 1803000.000000 2540.000000 -2.231400
4618100.000000 1802600.000000 2710.000000 -0.809150
4613500.000000 1801300.000000 2540.000000 -1.745700
4610900.000000 1803800.000000 2540.000000 -0.972420
4613800.000000 1804600.000000 2540.000000 -1.311000
4617800.000000 1809600.000000 2880.000000 15.519000
4610200.000000 1803000.000000 2540.000000 -1.600500
4611300.000000 1806700.000000 2540.000000 -1.099800
4618100.000000 1807100.000000 2880.000000 1.808100
4612000.000000 1803000.000000 2540.000000 -0.927800
4612700.000000 1805500.000000 2540.000000 -1.327200
4618500.000000 1809600.000000 3050.000000 17.105000
4616300.000000 1803000.000000 2540.000000 -0.800010
4613800.000000 1801700.000000 2540.000000 -1.391300
4616000.000000 1805100.000000 2540.000000 -0.781680
4618100.000000 1805500.000000 2710.000000 0.931650
4618500.000000 1803000.000000 2710.000000 -0.962140
4618100.000000 1800900.000000 2710.000000 -2.580300
4614200.000000 1810500.000000 2710.000000 1.245400
4612000.000000 1810000.000000 2540.000000 -1.010400
4617100.000000 1801300.000000 2710.000000 -0.670990
4615600.000000 1807100.000000 2710.000000 -0.094535
4610600.000000 1803400.000000 2540.000000 -1.340200
4612700.000000 1801300.000000 2540.000000 -1.458400
4612400.000000 1801700.000000 2540.000000 -1.337900
4618500.000000 1800900.000000 2710.000000 -1.279100
4610900.000000 1801700.000000 2540.000000 -2.104100
4622500.000000 1806700.000000 2880.000000 2.035900
4626800.000000 1810500.000000 3730.000000 -1.026800
4620000.000000 1802600.000000 2880.000000 -2.039100
4626400.000000 1807600.000000 3390.000000 0.234910
4623900.000000 1801700.000000 2880.000000 -0.960510
4619200.000000 1808800.000000 3050.000000 13.876000
4625000.000000 1805900.000000 3050.000000 0.301500
4623600.000000 1807100.000000 3050.000000 1.823600
4622500.000000 1804200.000000 2880.000000 -0.126940
4623900.000000 1808400.000000 3390.000000 1.497200
4625400.000000 1805500.000000 3050.000000 0.196590
4620300.000000 1808400.000000 3050.000000 9.704700
4624600.000000 1804200.000000 2880.000000 0.638490
4623600.000000 1804200.000000 2880.000000 0.792560
4618900.000000 1807600.000000 3220.000000 5.389200
4624300.000000 1801300.000000 3050.000000 -1.444700
4626400.000000 1808000.000000 3560.000000 -0.573850
4620700.000000 1800900.000000 2880.000000 -0.705890
4622500.000000 1809600.000000 3390.000000 5.793000
4621400.000000 1808000.000000 3220.000000 4.651000
4625700.000000 1803800.000000 2880.000000 -0.251820
4623200.000000 1809200.000000 3390.000000 3.610500
4619200.000000 1808000.000000 3050.000000 6.870100
4622100.000000 1807600.000000 3050.000000 3.077100
4624300.000000 1808800.000000 3390.000000 1.745000
4623200.000000 1805900.000000 3220.000000 0.708430
4626800.000000 1803400.000000 2880.000000 -0.371590
4623900.000000 1806700.000000 3050.000000 1.234000
4620700.000000 1809600.000000 3220.000000 13.539000
4619200.000000 1805100.000000 2880.000000 0.344130
4620000.000000 1805100.000000 2880.000000 0.573970
4625000.000000 1804200.000000 2880.000000 -0.454800
4623200.000000 1808400.000000 3220.000000 1.825800
4621800.000000 1804600.000000 2880.000000 1.538900
4626400.000000 1809200.000000 3730.000000 -0.295820
4618900.000000 1810000.000000 3220.000000 16.772000
