4609800.000000 1800500.000000 2540.000000 -1.223400
4609800.000000 1801700.000000 2540.000000 -0.868510
4609800.000000 1802600.000000 2540.000000 -1.198100
4609800.000000 1803800.000000 2540.000000 -0.947020
4609800.000000 1805100.000000 2710.000000 -1.482000
4609800.000000 1806300.000000 2540.000000 -0.696030
4609800.000000 1807100.000000 2540.000000 0.194980
4609800.000000 1808400.000000 2540.000000 -1.955100
4609800.000000 1809600.000000 2370.000000 0.385040
4609800.000000 1810500.000000 2370.000000 -0.004971
4609800.000000 1811700.000000 2370.000000 -0.488340
4609800.000000 1812900.000000 2540.000000 -0.409160
4609800.000000 1814200.000000 2370.000000 0.560540
4609800.000000 1815000.000000 2370.000000 0.757200
4609800.000000 1816300.000000 2370.000000 0.194280
4609800.000000 1817500.000000 2200.000000 0.659340
4609800.000000 1818700.000000 1860.000000 0.264110
4609800.000000 1819600.000000 2370.000000 0.252170
4609800.000000 1820800.000000 2370.000000 0.242820
4610900.000000 1800500.000000 2540.000000 -1.021200
4610900.000000 1801700.000000 2540.000000 -2.104100
4610900.000000 1802600.000000 2540.000000 -1.593200
4610900.000000 1803800.000000 2540.000000 -0.972420
4610900.000000 1805100.000000 2710.000000 -2.114600
4610900.000000 1806300.000000 2540.000000 -1.529900
4610900.000000 1807100.000000 2540.000000 -1.952600
4610900.000000 1808400.000000 2540.000000 -0.889270
4610900.000000 1809600.000000 2540.000000 -1.567700
4610900.000000 1810500.000000 2540.000000 -0.467510
4610900.000000 1811700.000000 2540.000000 -1.303200
4610900.000000 1812900.000000 2370.000000 0.144070
4610900.000000 1814200.000000 2200.000000 0.059932
4610900.000000 1815000.000000 2200.000000 0.424720
4610900.000000 1816300.000000 2200.000000 -0.216540
4610900.000000 1817500.000000 2200.000000 0.637760
4610900.000000 1818700.000000 2200.000000 -0.317640
4610900.000000 1819600.000000 1860.000000 0.377810
4610900.000000 1820800.000000 2030.000000 0.246360
4611700.000000 1800500.000000 2540.000000 -1.980300
4611700.000000 1801700.000000 2540.000000 -0.896440
4611700.000000 1802600.000000 2540.000000 -1.883100
4611700.000000 1803800.000000 2540.000000 -1.821800
4611700.000000 1805100.000000 2540.000000 -0.698090
4611700.000000 1806300.000000 2710.000000 -2.851500
4611700.000000 1807100.000000 2540.000000 -0.825820
4611700.000000 1808400.000000 2540.000000 -1.392900
4611700.000000 1809600.000000 2540.000000 0.292040
4611700.000000 1810500.000000 2540.000000 -0.733940
4611700.000000 1811700.000000 2540.000000 -0.363470
4611700.000000 1812900.000000 2540.000000 0.031147
4611700.000000 1814200.000000 2200.000000 0.999840
4611700.000000 1815000.000000 2200.000000 1.012800
4611700.000000 1816300.000000 2200.000000 -0.372250
4611700.000000 1817500.000000 2030.000000 -0.038039
4611700.000000 1818700.000000 1860.000000 -0.264190
4611700.000000 1819600.000000 1860.000000 0.545140
4611700.000000 1820800.000000 2030.000000 0.250790
4612700.000000 1800500.000000 2540.000000 -1.342500
4612700.000000 1801700.000000 2540.000000 -1.420200
4612700.000000 1802600.000000 2540.000000 -1.705300
4612700.000000 1803800.000000 2540.000000 -0.792650
4612700.000000 1805100.000000 2540.000000 -1.701800
4612700.000000 1806300.000000 2540.000000 -0.615750
4612700.000000 1807100.000000 2710.000000 -3.012000
4612700.000000 1808400.000000 2540.000000 -0.909880
4612700.000000 1809600.000000 2540.000000 -0.290200
4612700.000000 1810500.000000 2710.000000 -0.423200
4612700.000000 1811700.000000 2540.000000 0.455960
4612700.000000 1812900.000000 2540.000000 0.025373
4612700.000000 1814200.000000 2370.000000 0.975350
4612700.000000 1815000.000000 2200.000000 0.865490
4612700.000000 1816300.000000 2200.000000 0.755020
4612700.000000 1817500.000000 2370.000000 1.083400
4612700.000000 1818700.000000 2200.000000 0.108210
4612700.000000 1819600.000000 2370.000000 0.086402
4612700.000000 1820800.000000 2030.000000 0.446100
4613800.000000 1800500.000000 2540.000000 -0.598520
4613800.000000 1801700.000000 2540.000000 -1.391300
4613800.000000 1802600.000000 2540.000000 -2.106700
4613800.000000 1803800.000000 2540.000000 -1.459900
4613800.000000 1805100.000000 2540.000000 -1.988000
4613800.000000 1806300.000000 2710.000000 -1.122700
4613800.000000 1807100.000000 2710.000000 -1.197000
4613800.000000 1808400.000000 2540.000000 -0.002180
4613800.000000 1809600.000000 2710.000000 -0.283120
4613800.000000 1810500.000000 2710.000000 0.544860
4613800.000000 1811700.000000 2540.000000 1.662800
4613800.000000 1812900.000000 2540.000000 0.537570
4613800.000000 1814200.000000 2540.000000 0.725130
4613800.000000 1815000.000000 2540.000000 1.098200
4613800.000000 1816300.000000 2540.000000 -0.682350
4613800.000000 1817500.000000 2370.000000 -0.106170
4613800.000000 1818700.000000 2200.000000 1.322100
4613800.000000 1819600.000000 2370.000000 1.196700
4613800.000000 1820800.000000 2030.000000 0.272720
4614900.000000 1800500.000000 2540.000000 -0.973390
4614900.000000 1801700.000000 2540.000000 -0.853240
4614900.000000 1802600.000000 2540.000000 -1.233100
4614900.000000 1803800.000000 2540.000000 -1.111800
4614900.000000 1805100.000000 2540.000000 -1.570500
4614900.000000 1806300.000000 2540.000000 -0.662120
4614900.000000 1807100.000000 2710.000000 0.111970
4614900.000000 1808400.000000 2710.000000 0.943510
4614900.000000 1809600.000000 2710.000000 2.068800
4614900.000000 1810500.000000 2710.000000 1.495500
4614900.000000 1811700.000000 2710.000000 1.617800
4614900.000000 1812900.000000 2710.000000 1.453100
4614900.000000 1814200.000000 2710.000000 0.625670
4614900.000000 1815000.000000 2710.000000 1.136600
4614900.000000 1816300.000000 2710.000000 0.231730
4614900.000000 1817500.000000 2370.000000 1.067600
4614900.000000 1818700.000000 2540.000000 -0.576920
4614900.000000 1819600.000000 2540.000000 -1.339400
4614900.000000 1820800.000000 2200.000000 0.675020
4615600.000000 1800500.000000 2540.000000 -1.703500
4615600.000000 1801700.000000 2540.000000 -0.890930
4615600.000000 1802600.000000 2540.000000 -1.713000
4615600.000000 1803800.000000 2540.000000 -1.288900
4615600.000000 1805100.000000 2540.000000 -0.550600
4615600.000000 1806300.000000 2540.000000 -0.213210
4615600.000000 1807100.000000 2710.000000 -0.094535
4615600.000000 1808400.000000 2710.000000 0.878520
4615600.000000 1809600.000000 2880.000000 2.815000
4615600.000000 1810500.000000 2710.000000 3.837800
4615600.000000 1811700.000000 2710.000000 3.505800
4615600.000000 1812900.000000 2880.000000 1.671900
4615600.000000 1814200.000000 2710.000000 2.134700
4615600.000000 1815000.000000 2710.000000 0.883570
4615600.000000 1816300.000000 2710.000000 0.167600
4615600.000000 1817500.000000 2540.000000 -0.892930
4615600.000000 1818700.000000 2540.000000 0.185770
4615600.000000 1819600.000000 2540.000000 -0.916990
4615600.000000 1820800.000000 2370.000000 -0.327660
4616700.000000 1800500.000000 2710.000000 -1.016000
4616700.000000 1801700.000000 2540.000000 -0.713430
4616700.000000 1802600.000000 2540.000000 -0.313580
4616700.000000 1803800.000000 2540.000000 -0.321540
4616700.000000 1805100.000000 2710.000000 -0.962990
4616700.000000 1806300.000000 2710.000000 -0.153400
4616700.000000 1807100.000000 2710.000000 1.477200
4616700.000000 1808400.000000 2880.000000 5.215200
4616700.000000 1809600.000000 2880.000000 7.944600
4616700.000000 1810500.000000 2880.000000 8.099600
4616700.000000 1811700.000000 2880.000000 6.852100
4616700.000000 1812900.000000 3220.000000 5.768500
4616700.000000 1814200.000000 3050.000000 3.293900
4616700.000000 1815000.000000 3050.000000 1.092000
4616700.000000 1816300.000000 2880.000000 0.256370
4616700.000000 1817500.000000 2880.000000 0.049324
4616700.000000 1818700.000000 2710.000000 -0.561150
4616700.000000 1819600.000000 2540.000000 -0.382520
4616700.000000 1820800.000000 2540.000000 0.626300
4617800.000000 1800500.000000 2710.000000 -0.410160
4617800.000000 1801700.000000 2710.000000 -2.028600
4617800.000000 1802600.000000 2710.000000 -1.463300
4617800.000000 1803800.000000 2710.000000 -0.777340
4617800.000000 1805100.000000 2710.000000 -0.278890
4617800.000000 1806300.000000 2710.000000 1.120000
4617800.000000 1807100.000000 2880.000000 2.710500
4617800.000000 1808400.000000 2880.000000 9.552500
4617800.000000 1809600.000000 2880.000000 15.519000
4617800.000000 1810500.000000 3050.000000 15.670000
4617800.000000 1811700.000000 3220.000000 14.355000
4617800.000000 1812900.000000 3390.000000 7.946400
4617800.000000 1814200.000000 3390.000000 4.930500
4617800.000000 1815000.000000 3220.000000 3.433200
4617800.000000 1816300.000000 3050.000000 1.339600
4617800.000000 1817500.000000 2880.000000 0.174730
4617800.000000 1818700.000000 2880.000000 -0.730700
4617800.000000 1819600.000000 2880.000000 0.128960
4617800.000000 1820800.000000 2540.000000 0.133050
4618500.000000 1800500.000000 2710.000000 -2.204700
4618500.000000 1801700.000000 2710.000000 -1.411400
4618500.000000 1802600.000000 2710.000000 -0.954870
4618500.000000 1803800.000000 2710.000000 -0.990050
4618500.000000 1805100.000000 2710.000000 0.508740
4618500.000000 1806300.000000 2710.000000 1.869100
4618500.000000 1807100.000000 2880.000000 3.023000
4618500.000000 1808400.000000 2880.000000 12.258000
4618500.000000 1809600.000000 3050.000000 17.105000
4618500.000000 1810500.000000 3220.000000 18.402000
4618500.000000 1811700.000000 3390.000000 14.076000
4618500.000000 1812900.000000 3390.000000 11.932000
4618500.000000 1814200.000000 3560.000000 5.231200
4618500.000000 1815000.000000 3390.000000 5.214700
4618500.000000 1816300.000000 3050.000000 2.385000
4618500.000000 1817500.000000 3220.000000 -0.755990
4618500.000000 1818700.000000 2880.000000 -0.409160
4618500.000000 1819600.000000 2710.000000 -0.386200
4618500.000000 1820800.000000 2710.000000 -0.998110
4619600.000000 1800500.000000 2880.000000 -1.219100
4619600.000000 1801700.000000 2710.000000 -0.696370
4619600.000000 1802600.000000 2710.000000 0.589550
4619600.000000 1803800.000000 2880.000000 -1.347500
4619600.000000 1805100.000000 2880.000000 1.113100
4619600.000000 1806300.000000 2880.000000 1.226300
4619600.000000 1807100.000000 2880.000000 3.267800
4619600.000000 1808400.000000 3220.000000 12.153000
4619600.000000 1809600.000000 3220.000000 16.558000
4619600.000000 1810500.000000 3220.000000 13.368000
4619600.000000 1811700.000000 3390.000000 -6.760000
4619600.000000 1812900.000000 3730.000000 0.781300
4619600.000000 1814200.000000 3390.000000 9.081500
4619600.000000 1815000.000000 3390.000000 7.190100
4619600.000000 1816300.000000 3220.000000 3.531800
4619600.000000 1817500.000000 3220.000000 1.344900
4619600.000000 1818700.000000 3050.000000 -0.325830
4619600.000000 1819600.000000 3050.000000 -1.360800
4619600.000000 1820800.000000 2710.000000 -0.444810
4620700.000000 1800500.000000 2880.000000 -1.298100
4620700.000000 1801700.000000 3050.000000 -1.501800
4620700.000000 1802600.000000 2880.000000 -1.285800
4620700.000000 1803800.000000 2880.000000 -0.678190
4620700.000000 1805100.000000 2880.000000 0.223080
4620700.000000 1806300.000000 3050.000000 2.023600
4620700.000000 1807100.000000 3050.000000 3.440200
4620700.000000 1808400.000000 3220.000000 8.491800
4620700.000000 1809600.000000 3220.000000 13.539000
4620700.000000 1810500.000000 3390.000000 4.098300
4620700.000000 1811700.000000 3560.000000 -20.898000
4620700.000000 1812900.000000 3730.000000 -21.691000
4620700.000000 1814200.000000 3390.000000 2.499700
4620700.000000 1815000.000000 3560.000000 8.298700
4620700.000000 1816300.000000 3560.000000 4.839500
4620700.000000 1817500.000000 3220.000000 1.475900
4620700.000000 1818700.000000 3050.000000 0.478930
4620700.000000 1819600.000000 3220.000000 -1.683000
4620700.000000 1820800.000000 2710.000000 0.378160
4621400.000000 1800500.000000 2880.000000 -0.652140
4621400.000000 1801700.000000 2880.000000 -1.191700
4621400.000000 1802600.000000 2880.000000 -2.193400
4621400.000000 1803800.000000 2880.000000 0.914590
4621400.000000 1805100.000000 2880.000000 0.751490
4621400.000000 1806300.000000 3220.000000 0.752570
4621400.000000 1807100.000000 3050.000000 2.399900
4621400.000000 1808400.000000 3220.000000 6.134800
4621400.000000 1809600.000000 3220.000000 11.967000
4621400.000000 1810500.000000 3560.000000 2.093500
4621400.000000 1811700.000000 3730.000000 -18.682000
4621400.000000 1812900.000000 3900.000000 -20.429000
4621400.000000 1814200.000000 3560.000000 -6.092500
4621400.000000 1815000.000000 3730.000000 2.396200
4621400.000000 1816300.000000 3390.000000 5.778000
4621400.000000 1817500.000000 3220.000000 2.142900
4621400.000000 1818700.000000 3220.000000 0.600430
4621400.000000 1819600.000000 3050.000000 -0.990470
4621400.000000 1820800.000000 2880.000000 -0.318930
4622500.000000 1800500.000000 2880.000000 -1.185000
4622500.000000 1801700.000000 2710.000000 0.120410
4622500.000000 1802600.000000 2710.000000 0.201830
4622500.000000 1803800.000000 2880.000000 -0.260310
4622500.000000 1805100.000000 3050.000000 0.867910
4622500.000000 1806300.000000 2880.000000 1.185600
4622500.000000 1807100.000000 3050.000000 1.991000
4622500.000000 1808400.000000 3220.000000 3.273400
4622500.000000 1809600.000000 3390.000000 5.793000
4622500.000000 1810500.000000 3560.000000 1.795300
4622500.000000 1811700.000000 3390.000000 -7.566400
4622500.000000 1812900.000000 3900.000000 -15.276000
4622500.000000 1814200.000000 4070.000000 -9.117100
4622500.000000 1815000.000000 3900.000000 -0.863760
4622500.000000 1816300.000000 3730.000000 7.398500
4622500.000000 1817500.000000 3390.000000 1.505000
4622500.000000 1818700.000000 3220.000000 -0.199350
4622500.000000 1819600.000000 3050.000000 0.673310
4622500.000000 1820800.000000 2880.000000 0.581220
4623600.000000 1800500.000000 2710.000000 0.249920
4623600.000000 1801700.000000 2880.000000 -1.852400
4623600.000000 1802600.000000 2880.000000 0.771550
4623600.000000 1803800.000000 2880.000000 0.137500
4623600.000000 1805100.000000 3050.000000 -0.233520
4623600.000000 1806300.000000 3050.000000 1.334900
4623600.000000 1807100.000000 3050.000000 1.823600
4623600.000000 1808400.000000 3390.000000 2.684600
4623600.000000 1809600.000000 3560.000000 2.953200
4623600.000000 1810500.000000 3560.000000 5.362900
4623600.000000 1811700.000000 3730.000000 -1.574200
4623600.000000 1812900.000000 3900.000000 0.685370
4623600.000000 1814200.000000 3900.000000 4.192100
4623600.000000 1815000.000000 3900.000000 6.079900
4623600.000000 1816300.000000 3560.000000 5.002500
4623600.000000 1817500.000000 3220.000000 1.992600
4623600.000000 1818700.000000 3050.000000 1.448300
4623600.000000 1819600.000000 3050.000000 0.634870
4623600.000000 1820800.000000 2880.000000 0.032210
4624600.000000 1800500.000000 2880.000000 -0.961160
4624600.000000 1801700.000000 2880.000000 -0.367660
4624600.000000 1802600.000000 2880.000000 -0.019556
4624600.000000 1803800.000000 2880.000000 0.801090
4624600.000000 1805100.000000 3050.000000 0.680030
4624600.000000 1806300.000000 3220.000000 0.631870
4624600.000000 1807100.000000 3220.000000 0.520590
4624600.000000 1808400.000000 3390.000000 1.006700
4624600.000000 1809600.000000 3560.000000 1.341400
4624600.000000 1810500.000000 3730.000000 3.124800
4624600.000000 1811700.000000 3900.000000 2.636400
4624600.000000 1812900.000000 3560.000000 4.799400
4624600.000000 1814200.000000 3730.000000 4.667000
4624600.000000 1815000.000000 3560.000000 4.175300
4624600.000000 1816300.000000 3390.000000 2.430900
4624600.000000 1817500.000000 3220.000000 0.668110
4624600.000000 1818700.000000 3050.000000 0.362030
4624600.000000 1819600.000000 3050.000000 1.015100
4624600.000000 1820800.000000 2880.000000 1.227500
4625400.000000 1800500.000000 2880.000000 -0.742520
4625400.000000 1801700.000000 3050.000000 -1.839200
4625400.000000 1802600.000000 2880.000000 -1.321300
4625400.000000 1803800.000000 2880.000000 -0.372690
4625400.000000 1805100.000000 3050.000000 -0.071669
4625400.000000 1806300.000000 3220.000000 0.860030
4625400.000000 1807100.000000 3220.000000 0.640560
4625400.000000 1808400.000000 3390.000000 -0.011752
4625400.000000 1809600.000000 3730.000000 2.032900
4625400.000000 1810500.000000 3900.000000 0.502880
4625400.000000 1811700.000000 3900.000000 -0.268470
4625400.000000 1812900.000000 3730.000000 2.243900
4625400.000000 1814200.000000 3560.000000 1.185000
4625400.000000 1815000.000000 3560.000000 2.247200
4625400.000000 1816300.000000 3390.000000 0.330490
4625400.000000 1817500.000000 3220.000000 -0.023275
4625400.000000 1818700.000000 3050.000000 -0.338940
4625400.000000 1819600.000000 3050.000000 1.231800
4625400.000000 1820800.000000 2880.000000 1.666100
4626400.000000 1800500.000000 2880.000000 -1.183700
4626400.000000 1801700.000000 2710.000000 -1.569100
4626400.000000 1802600.000000 2710.000000 0.044439
4626400.000000 1803800.000000 2710.000000 0.390350
4626400.000000 1805100.000000 2880.000000 0.833350
4626400.000000 1806300.000000 3050.000000 0.918180
4626400.000000 1807100.000000 3220.000000 1.604900
4626400.000000 1808400.000000 3560.000000 0.106740
4626400.000000 1809600.000000 3900.000000 -1.774700
4626400.000000 1810500.000000 3730.000000 0.324310
4626400.000000 1811700.000000 3730.000000 -0.142570
4626400.000000 1812900.000000 3560.000000 1.326600
4626400.000000 1814200.000000 3390.000000 1.916800
4626400.000000 1815000.000000 3390.000000 0.388060
4626400.000000 1816300.000000 3220.000000 0.893780
4626400.000000 1817500.000000 3050.000000 0.932880
4626400.000000 1818700.000000 3050.000000 0.474950
4626400.000000 1819600.000000 3050.000000 0.736140
4626400.000000 1820800.000000 2880.000000 1.556300
4627500.000000 1800500.000000 2710.000000 0.748690
4627500.000000 1801700.000000 2710.000000 0.020866
4627500.000000 1802600.000000 2710.000000 -0.422870
4627500.000000 1803800.000000 2710.000000 0.229310
4627500.000000 1805100.000000 2880.000000 -0.014539
4627500.000000 1806300.000000 2880.000000 0.341730
4627500.000000 1807100.000000 3220.000000 0.251600
4627500.000000 1808400.000000 3560.000000 -0.223770
4627500.000000 1809600.000000 3730.000000 0.165670
4627500.000000 1810500.000000 3900.000000 -2.146100
4627500.000000 1811700.000000 3560.000000 0.812680
4627500.000000 1812900.000000 3560.000000 0.728280
4627500.000000 1814200.000000 3390.000000 -0.158150
4627500.000000 1815000.000000 3220.000000 0.511600
4627500.000000 1816300.000000 3220.000000 1.042700
4627500.000000 1817500.000000 3050.000000 0.291950
4627500.000000 1818700.000000 3050.000000 0.324530
4627500.000000 1819600.000000 3050.000000 0.511890
4627500.000000 1820800.000000 2880.000000 -0.047836
