4616300.000000 1815400.000000 2880.000000 1.962900
4623200.000000 1802200.000000 2880.000000 -0.917420
4609800.000000 1806300.000000 2540.000000 -0.696030
4623900.000000 1817500.000000 3390.000000 0.601920
4617400.000000 1806700.000000 2710.000000 1.789700
4625400.000000 1807100.000000 3220.000000 0.640560
4610600.000000 1817100.000000 2370.000000 -0.157210
4613100.000000 1803000.000000 2540.000000 -1.632800
4623200.000000 1813400.000000 3900.000000 -5.251800
4610900.000000 1810900.000000 2540.000000 -0.920590
4619200.000000 1820000.000000 2710.000000 0.629520
4623600.000000 1810500.000000 3560.000000 5.362900
4620300.000000 1804200.000000 2880.000000 1.025800
4615300.000000 1812500.000000 2880.000000 2.078800
4619200.000000 1810900.000000 3220.000000 14.479000
4614900.000000 1819600.000000 2540.000000 -1.339400
4615300.000000 1802200.000000 2540.000000 -1.536200
4626800.000000 1813800.000000 3560.000000 -0.210350
4625400.000000 1820400.000000 2880.000000 -0.247470
4615300.000000 1805900.000000 2710.000000 -1.288200
4627200.000000 1803000.000000 2710.000000 1.227800
4620300.000000 1816300.000000 3560.000000 3.723500
4613100.000000 1808800.000000 2540.000000 -0.398900
4621800.000000 1807100.000000 3050.000000 2.690400
4610200.000000 1803000.000000 2540.000000 -1.600500
4612400.000000 1814600.000000 2370.000000 -0.306490
4617100.000000 1803000.000000 2710.000000 -1.231400
4626100.000000 1818300.000000 3050.000000 1.219800
4626100.000000 1811300.000000 3730.000000 -0.074101
4610900.000000 1820000.000000 1860.000000 0.683170
4621400.000000 1819200.000000 3050.000000 -0.484860
4621000.000000 1814200.000000 3390.000000 0.106410
4619600.000000 1808400.000000 3220.000000 12.153000
4621000.000000 1801300.000000 2880.000000 -1.426500
4613100.000000 1805500.000000 2540.000000 -1.918700
4626800.000000 1800900.000000 2710.000000 0.834910
4625000.000000 1804600.000000 3050.000000 0.735020
4612700.000000 1800900.000000 2540.000000 -1.774600
4617800.000000 1817500.000000 2880.000000 0.174730
4616000.000000 1809600.000000 2880.000000 4.038300
4618900.000000 1813400.000000 3390.000000 11.405000
4609800.000000 1808800.000000 2540.000000 -1.065300
4611700.000000 1811300.000000 2540.000000 -1.222700
4621400.000000 1811700.000000 3730.000000 -18.682000
4615300.000000 1817500.000000 2540.000000 -0.294130
4610900.000000 1814600.000000 2200.000000 0.261460
4613100.000000 1819200.000000 2370.000000 1.007700
4627200.000000 1815400.000000 3220.000000 0.607280
4616700.000000 1820400.000000 2540.000000 -0.887150
4619200.000000 1802200.000000 2880.000000 -1.262000
4622100.000000 1808400.000000 3220.000000 4.079900
4610200.000000 1801700.000000 2540.000000 -1.376600
4622500.000000 1804200.000000 2880.000000 -0.126940
4626400.000000 1808000.000000 3560.000000 -0.573850
4624600.000000 1809200.000000 3560.000000 1.664700
4624300.000000 1815400.000000 3560.000000 4.228600
4616700.000000 1800900.000000 2710.000000 -0.458380
4623600.000000 1820400.000000 2880.000000 0.049309
4616300.000000 1811300.000000 2880.000000 6.216400
4627200.000000 1806300.000000 3050.000000 0.014792
4617800.000000 1804600.000000 2710.000000 0.197300
4625700.000000 1802200.000000 2880.000000 -0.713610
4623600.000000 1806300.000000 3050.000000 1.334900
4611300.000000 1805900.000000 2710.000000 -2.229700
4616300.000000 1804200.000000 2540.000000 -0.940960
4619600.000000 1805100.000000 2880.000000 1.113100
4617800.000000 1815000.000000 3220.000000 3.433200
4614500.000000 1816300.000000 2710.000000 -0.749440
4627200.000000 1819200.000000 3050.000000 1.584000
4619600.000000 1807100.000000 2880.000000 3.267800
4614200.000000 1815400.000000 2540.000000 0.298110
4613100.000000 1807100.000000 2710.000000 -1.539200
4622100.000000 1817500.000000 3390.000000 2.048600
4612400.000000 1817500.000000 2370.000000 0.953520
4627200.000000 1810500.000000 3900.000000 -2.074300
4624600.000000 1812500.000000 3900.000000 2.653500
4624300.000000 1800500.000000 2880.000000 -1.125900
4626400.000000 1817100.000000 3050.000000 0.240460
4615600.000000 1808800.000000 2710.000000 1.655100
4619200.000000 1818300.000000 3050.000000 0.281700
4612000.000000 1803800.000000 2540.000000 -2.091200
4613500.000000 1812900.000000 2370.000000 1.653700
4620700.000000 1810500.000000 3390.000000 4.098300
4614500.000000 1810900.000000 2710.000000 1.417100
4610900.000000 1812900.000000 2370.000000 0.144070
4621400.000000 1802200.000000 2880.000000 -0.911220
4615300.000000 1804200.000000 2540.000000 -0.282420
4617800.000000 1808800.000000 2880.000000 11.591000
4611300.000000 1807600.000000 2540.000000 -2.013900
4616700.000000 1813800.000000 3050.000000 3.425000
4621000.000000 1815400.000000 3560.000000 8.677200
4625700.000000 1813800.000000 3560.000000 2.713900
4616700.000000 1817100.000000 2710.000000 0.496920
4619600.000000 1813800.000000 3390.000000 8.474900
4612000.000000 1809200.000000 2540.000000 -0.690920
4621000.000000 1805100.000000 2880.000000 1.134100
4613500.000000 1800900.000000 2540.000000 -1.644500
4617400.000000 1818300.000000 2880.000000 -1.131200
4612700.000000 1820400.000000 2200.000000 -0.404780
4617800.000000 1800500.000000 2710.000000 -0.410160
4618900.000000 1812100.000000 3560.000000 9.711600
4624600.000000 1802600.000000 2880.000000 -0.019556
4622500.000000 1810900.000000 3390.000000 -3.025200
4623200.000000 1808800.000000 3390.000000 2.340600
4610900.000000 1800900.000000 2540.000000 -1.232100
4622100.000000 1813800.000000 4070.000000 -17.330000
4617800.000000 1820400.000000 2540.000000 0.468160
4614200.000000 1806700.000000 2710.000000 -1.323300
4616000.000000 1807600.000000 2710.000000 1.194200
4623600.000000 1807600.000000 3050.000000 1.828100
4625700.000000 1810000.000000 3730.000000 1.078100
4625000.000000 1818700.000000 3050.000000 1.861500
4614200.000000 1818300.000000 2370.000000 0.721310
4620000.000000 1820800.000000 2710.000000 -0.314870
4626100.000000 1804200.000000 2880.000000 0.994840
4622500.000000 1816300.000000 3730.000000 7.398500
4627200.000000 1809600.000000 3900.000000 -2.457200
4625400.000000 1815000.000000 3560.000000 2.247200
4618900.000000 1815400.000000 3390.000000 4.040000
4618100.000000 1810500.000000 3050.000000 18.431000
4621000.000000 1812900.000000 3560.000000 -23.240000
4610600.000000 1815800.000000 2200.000000 -0.268520
4610600.000000 1818700.000000 2030.000000 0.547450
4620000.000000 1817500.000000 3220.000000 1.128900
4612400.000000 1813800.000000 2370.000000 -0.007157
4621800.000000 1800900.000000 2880.000000 -1.289800
4622800.000000 1812100.000000 3730.000000 -8.453500
4614200.000000 1808400.000000 2710.000000 -0.456310
4622800.000000 1818300.000000 3220.000000 1.549300
4626100.000000 1812100.000000 3730.000000 0.197750
4624600.000000 1805900.000000 3050.000000 1.298500
4626800.000000 1820800.000000 2880.000000 -0.336020
4625400.000000 1816700.000000 3220.000000 1.808800
4619200.000000 1803400.000000 2880.000000 -0.745240
4618900.000000 1805900.000000 2710.000000 2.002400
4619600.000000 1801300.000000 2880.000000 -1.304400
4620300.000000 1809200.000000 3050.000000 14.544000
4616000.000000 1818700.000000 2540.000000 -0.362070
4615300.000000 1811300.000000 2880.000000 2.243800
4622800.000000 1814600.000000 4070.000000 -3.023900
4620700.000000 1806700.000000 2880.000000 3.410100
4610900.000000 1803800.000000 2540.000000 -0.972420
4624300.000000 1804200.000000 2880.000000 0.849320
4626400.000000 1806300.000000 3050.000000 0.918180
4622100.000000 1820800.000000 2880.000000 0.452700
4627200.000000 1812500.000000 3560.000000 0.871860
4626100.000000 1819600.000000 2880.000000 0.600830
4617400.000000 1812500.000000 3220.000000 8.286800
4615300.000000 1800900.000000 2540.000000 -0.799400
4620700.000000 1803000.000000 2880.000000 -0.657110
4613500.000000 1810900.000000 2710.000000 -0.211480
4616300.000000 1806700.000000 2710.000000 -0.308450
4617100.000000 1805100.000000 2710.000000 0.251130
4615300.000000 1815800.000000 2710.000000 1.289800
4609800.000000 1812500.000000 2540.000000 -1.108200
4611300.000000 1803000.000000 2540.000000 -1.353500
4612400.000000 1812500.000000 2370.000000 1.018600
4618100.000000 1816700.000000 3050.000000 0.373140
4627200.000000 1817500.000000 3050.000000 0.626150
4624300.000000 1814600.000000 3730.000000 5.929200
4614200.000000 1804200.000000 2540.000000 -2.073700
4616700.000000 1808400.000000 2880.000000 5.215200
4614200.000000 1802200.000000 2540.000000 -1.733000
4617800.000000 1807600.000000 2880.000000 3.976700
4623900.000000 1819200.000000 3050.000000 -0.615350
4622100.000000 1802600.000000 2880.000000 -1.409900
4625400.000000 1808400.000000 3390.000000 -0.011752
4624600.000000 1810500.000000 3730.000000 3.124800
4627200.000000 1802200.000000 2710.000000 -0.198230
4627200.000000 1804200.000000 2880.000000 -0.097116
4622100.000000 1805500.000000 2880.000000 1.933000
4627200.000000 1807600.000000 3390.000000 0.822550
4609800.000000 1815000.000000 2370.000000 0.757200
4614200.000000 1809600.000000 2710.000000 0.340840
4612400.000000 1802200.000000 2540.000000 -1.317400
4614200.000000 1813400.000000 2540.000000 1.599300
4613100.000000 1815400.000000 2370.000000 0.876030
4609800.000000 1820400.000000 2370.000000 0.151050
4620700.000000 1808800.000000 3390.000000 10.178000
4611700.000000 1817100.000000 2030.000000 0.495230
4613800.000000 1820400.000000 2200.000000 1.160200
4616300.000000 1802200.000000 2540.000000 -0.501500
4620300.000000 1811300.000000 3390.000000 -11.106000
4611300.000000 1819200.000000 2030.000000 0.459210
4615600.000000 1820400.000000 2370.000000 -0.198310
4613100.000000 1810000.000000 2540.000000 -0.768160
4621000.000000 1817900.000000 3220.000000 1.756400
4615600.000000 1814600.000000 2710.000000 0.847930
4624300.000000 1816300.000000 3390.000000 2.686000
4610900.000000 1809600.000000 2540.000000 -1.567700
4623900.000000 1805500.000000 3050.000000 1.286500
4613100.000000 1811700.000000 2540.000000 0.268020
4623200.000000 1800900.000000 2710.000000 0.432120
4610200.000000 1807600.000000 2540.000000 -1.212000
4617800.000000 1805900.000000 2710.000000 1.098000
4620700.000000 1819600.000000 3220.000000 -1.683000
4612700.000000 1808400.000000 2540.000000 -0.909880
4618500.000000 1809600.000000 3050.000000 17.105000
4614200.000000 1812500.000000 2540.000000 0.672900
4618900.000000 1814600.000000 3560.000000 4.735100
4612400.000000 1815800.000000 2200.000000 -0.194720
4621800.000000 1809600.000000 3560.000000 9.374200
4610600.000000 1805500.000000 2710.000000 -1.840200
4612000.000000 1818300.000000 2030.000000 0.949030
4610200.000000 1813800.000000 2200.000000 1.162300
4618100.000000 1801700.000000 2710.000000 -1.137200
4621800.000000 1803400.000000 2880.000000 0.498660
4627200.000000 1805100.000000 3050.000000 0.107310
4618100.000000 1819200.000000 2710.000000 -0.571620
4613500.000000 1817500.000000 2370.000000 1.154000
4620000.000000 1815000.000000 3560.000000 8.440800
4625700.000000 1800900.000000 2880.000000 -2.072300
4619600.000000 1809600.000000 3220.000000 16.558000
4616300.000000 1812500.000000 2880.000000 4.727800
4613500.000000 1804200.000000 2540.000000 -1.136500
4625400.000000 1805500.000000 3050.000000 0.196590
4624300.000000 1820400.000000 2880.000000 1.046500
4626100.000000 1803000.000000 2710.000000 0.731590
4614900.000000 1803000.000000 2540.000000 -1.954800
4622500.000000 1820000.000000 2880.000000 1.507900
4617100.000000 1810500.000000 2880.000000 12.802000
4611700.000000 1801300.000000 2540.000000 -1.728400
4620300.000000 1800500.000000 2880.000000 -0.726500
4617100.000000 1809600.000000 2880.000000 11.138000
4623900.000000 1803000.000000 2880.000000 -0.103880
4611300.000000 1812100.000000 2540.000000 -0.128230
4620700.000000 1807600.000000 3050.000000 3.466800
4612000.000000 1807100.000000 2540.000000 -0.473630
4614500.000000 1814200.000000 2710.000000 0.179140
4613800.000000 1803400.000000 2540.000000 -1.381500
4624300.000000 1807100.000000 3220.000000 1.267400
4615600.000000 1813400.000000 2880.000000 2.994100
4612400.000000 1806300.000000 2710.000000 -1.914300
4623600.000000 1804200.000000 2880.000000 0.792560
4622100.000000 1812500.000000 3730.000000 -21.264000
4626400.000000 1814600.000000 3390.000000 0.875890
4624600.000000 1813800.000000 3730.000000 3.922900
4617800.000000 1803800.000000 2710.000000 -0.777340
4618500.000000 1811300.000000 3390.000000 15.719000
4624300.000000 1808400.000000 3390.000000 1.420800
4617100.000000 1819200.000000 2540.000000 0.898440
4624300.000000 1811300.000000 3730.000000 3.446500
4620300.000000 1818300.000000 3050.000000 0.978970
4627200.000000 1811300.000000 3730.000000 1.016500
4617400.000000 1811300.000000 3050.000000 13.808000
4627200.000000 1816300.000000 3220.000000 1.019700
4614900.000000 1810000.000000 2710.000000 1.349500
4610900.000000 1806700.000000 2540.000000 -1.822700
4611700.000000 1820400.000000 2030.000000 0.730600
4617100.000000 1814200.000000 3220.000000 2.289600
4612000.000000 1805500.000000 2540.000000 -0.844740
4618500.000000 1806700.000000 2880.000000 2.057900
4617800.000000 1815400.000000 3220.000000 2.190100
4623900.000000 1801700.000000 2880.000000 -0.960510
4617100.000000 1816300.000000 3050.000000 1.130200
4621400.000000 1804200.000000 2880.000000 0.539380
4620700.000000 1816700.000000 3390.000000 3.588400
4609800.000000 1805100.000000 2710.000000 -1.482000
4623600.000000 1815400.000000 3730.000000 9.549500
4613800.000000 1819600.000000 2370.000000 1.196700
4627200.000000 1808400.000000 3560.000000 -0.359560
4610200.000000 1810000.000000 2370.000000 -1.687400
4614900.000000 1808000.000000 2710.000000 -0.194300
4626400.000000 1809600.000000 3900.000000 -1.774700
4626400.000000 1802200.000000 2710.000000 -0.461710
4625000.000000 1817500.000000 3220.000000 1.459500
4612400.000000 1810900.000000 2540.000000 0.243950
4626400.000000 1815800.000000 3220.000000 0.822530
4619200.000000 1816700.000000 3220.000000 1.555900
4618900.000000 1800900.000000 2880.000000 -1.889800
4613500.000000 1816300.000000 2540.000000 -0.413280
4619600.000000 1812500.000000 3730.000000 -5.603900
4623600.000000 1812500.000000 3900.000000 -1.488000
4613500.000000 1814200.000000 2540.000000 0.758760
4616000.000000 1816700.000000 2710.000000 -0.659200
4609800.000000 1800900.000000 2540.000000 -0.968210
4610900.000000 1817900.000000 2030.000000 -0.227540
4614500.000000 1805900.000000 2540.000000 -0.740410
4610600.000000 1812100.000000 2540.000000 0.094854
4615600.000000 1807100.000000 2710.000000 -0.094535
4626400.000000 1812500.000000 3730.000000 0.015530
4620300.000000 1805900.000000 2880.000000 1.998600
4614500.000000 1811700.000000 2710.000000 1.105600
4613100.000000 1801700.000000 2540.000000 -1.491000
4622800.000000 1805100.000000 3050.000000 0.798870
4622800.000000 1817500.000000 3390.000000 1.123000
4614200.000000 1800900.000000 2540.000000 -0.338730
4614200.000000 1805100.000000 2540.000000 -1.080400
4611700.000000 1810000.000000 2540.000000 -0.095966
4609800.000000 1816700.000000 2370.000000 0.754490
4622500.000000 1807600.000000 3220.000000 2.602100
4611700.000000 1813400.000000 2370.000000 0.499560
4613800.000000 1807600.000000 2710.000000 -1.065400
4622500.000000 1806300.000000 2880.000000 1.185600
4612700.000000 1804200.000000 2540.000000 -1.776100
4618900.000000 1817900.000000 3220.000000 -0.786190
4616000.000000 1803000.000000 2540.000000 -0.273530
4625400.000000 1811700.000000 3900.000000 -0.268470
4618900.000000 1804600.000000 2710.000000 0.706830
4623600.000000 1816700.000000 3390.000000 3.161400
4621400.000000 1805900.000000 3050.000000 0.420320
4621800.000000 1818300.000000 3220.000000 -0.098016
4612400.000000 1816300.000000 2200.000000 0.645670
4618900.000000 1808400.000000 3220.000000 12.881000
4621800.000000 1814600.000000 3730.000000 -3.173500
4612400.000000 1819600.000000 2030.000000 -0.441970
4613100.000000 1813400.000000 2370.000000 0.544380
4618100.000000 1814200.000000 3390.000000 5.456000
4616000.000000 1805100.000000 2540.000000 -0.781680
4616000.000000 1819200.000000 2540.000000 0.348330
4627500.000000 1801300.000000 2710.000000 -0.411280
4625000.000000 1803400.000000 2880.000000 1.233700
4622100.000000 1819600.000000 3050.000000 0.207810
4623600.000000 1809600.000000 3560.000000 2.953200
4621800.000000 1810900.000000 3390.000000 -3.267800
4627200.000000 1820000.000000 2880.000000 -0.018199
4625000.000000 1819600.000000 3050.000000 0.300750
4625400.000000 1812500.000000 3730.000000 1.900100
4618100.000000 1803000.000000 2710.000000 -0.171540
4610200.000000 1819600.000000 2200.000000 0.623190
4613500.000000 1818300.000000 2370.000000 1.636600
4618900.000000 1820800.000000 2540.000000 -0.638250
4625700.000000 1808800.000000 3390.000000 1.478200
4615300.000000 1820800.000000 2370.000000 0.371620
4622500.000000 1800900.000000 2880.000000 -0.637040
4620300.000000 1813400.000000 3560.000000 -6.402300
4616000.000000 1801300.000000 2540.000000 -0.429580
4612000.000000 1808000.000000 2540.000000 -0.826050
4609800.000000 1804200.000000 2540.000000 -1.079400
4611700.000000 1800500.000000 2540.000000 -1.980300
4617100.000000 1801700.000000 2710.000000 0.214190
4627500.000000 1814200.000000 3390.000000 -0.158150
4626100.000000 1805100.000000 2880.000000 0.623130
4610200.000000 1802200.000000 2540.000000 -1.609100
4620300.000000 1802200.000000 2880.000000 -0.874840
4610900.000000 1808400.000000 2540.000000 -0.889270
4621000.000000 1820400.000000 2880.000000 -0.126540
4619200.000000 1819200.000000 3050.000000 -0.097000
4609800.000000 1811300.000000 2370.000000 -0.250100
4622100.000000 1815400.000000 3730.000000 6.579500
4623900.000000 1818300.000000 3220.000000 1.000000
4625400.000000 1815800.000000 3390.000000 0.268040
4616300.000000 1817900.000000 2710.000000 -0.260920
4616000.000000 1810500.000000 2880.000000 4.172600
4621800.000000 1816700.000000 3390.000000 3.043400
4617800.000000 1813400.000000 3220.000000 7.387600
4609800.000000 1817900.000000 2030.000000 0.478050
4611700.000000 1815400.000000 2200.000000 0.700980
4627200.000000 1818300.000000 3050.000000 1.184300
4623200.000000 1819600.000000 3050.000000 1.099700
4610600.000000 1820800.000000 2200.000000 -0.252920
4620000.000000 1819600.000000 2880.000000 -0.053817
4618900.000000 1807600.000000 3220.000000 5.389200
4619600.000000 1806300.000000 2880.000000 1.226300
4623600.000000 1811300.000000 3560.000000 1.351800
4623900.000000 1813800.000000 3900.000000 5.231300
4617800.000000 1820000.000000 2710.000000 -0.043331
4616700.000000 1805900.000000 2710.000000 -1.216400
4613500.000000 1806300.000000 2710.000000 -2.021700
4611300.000000 1804600.000000 2540.000000 -1.393500
4622800.000000 1803400.000000 2710.000000 1.874000
4614900.000000 1806700.000000 2710.000000 -2.065400
4614900.000000 1818300.000000 2540.000000 0.078877
4625000.000000 1801300.000000 2880.000000 -0.101980
4620700.000000 1812100.000000 3560.000000 -24.491000
4610900.000000 1816300.000000 2200.000000 -0.216540
4611300.000000 1802200.000000 2540.000000 -0.274500
4626400.000000 1810500.000000 3730.000000 0.324310
4617100.000000 1808000.000000 2880.000000 3.510200
4621400.000000 1808400.000000 3220.000000 6.134800
4622100.000000 1801700.000000 2880.000000 -0.914050
4614200.000000 1817500.000000 2370.000000 0.082966
4623200.000000 1808400.000000 3220.000000 1.825800
4622500.000000 1809600.000000 3390.000000 5.793000
