4729300.000000 2047900.000000 2215.000000 -2.966300
4729300.000000 2048900.000000 1855.000000 -2.188700
4729300.000000 2050000.000000 1855.000000 -2.583300
4729300.000000 2051000.000000 2215.000000 -3.767000
4729300.000000 2052000.000000 2395.000000 -2.749700
4729300.000000 2053000.000000 3115.000000 -4.925600
4729300.000000 2054000.000000 3295.000000 -4.634800
4729300.000000 2055100.000000 3295.000000 -3.731600
4729300.000000 2056300.000000 3115.000000 -1.402700
4729300.000000 2057400.000000 2935.000000 -1.267300
4729300.000000 2058400.000000 2395.000000 -0.134070
4729300.000000 2059400.000000 2395.000000 -0.325940
4729300.000000 2060400.000000 2755.000000 -0.358410
4730400.000000 2047900.000000 1675.000000 -0.628500
4730400.000000 2048900.000000 1855.000000 -2.592700
4730400.000000 2050000.000000 1855.000000 -2.655100
4730400.000000 2051000.000000 2215.000000 -4.445500
4730400.000000 2052000.000000 2755.000000 -7.185900
4730400.000000 2053000.000000 3115.000000 -7.801000
4730400.000000 2054000.000000 2935.000000 -5.436400
4730400.000000 2055100.000000 3115.000000 -5.736800
4730400.000000 2056300.000000 3295.000000 -5.702400
4730400.000000 2057400.000000 3115.000000 -3.469200
4730400.000000 2058400.000000 2755.000000 -1.496800
4730400.000000 2059400.000000 2395.000000 -0.398760
4730400.000000 2060400.000000 2755.000000 -0.329340
4731500.000000 2047900.000000 2035.000000 -3.070900
4731500.000000 2048900.000000 1855.000000 -2.051500
4731500.000000 2050000.000000 1675.000000 0.649520
4731500.000000 2051000.000000 2215.000000 -1.465400
4731500.000000 2052000.000000 2575.000000 -4.564700
4731500.000000 2053000.000000 2935.000000 -7.571700
4731500.000000 2054000.000000 2575.000000 -6.144400
4731500.000000 2055100.000000 2755.000000 -7.379600
4731500.000000 2056300.000000 2755.000000 -5.488000
4731500.000000 2057400.000000 2575.000000 -2.429200
4731500.000000 2058400.000000 2395.000000 -0.352760
4731500.000000 2059400.000000 2395.000000 -1.066700
4731500.000000 2060400.000000 2215.000000 -0.370670
4732600.000000 2047900.000000 2395.000000 -4.634900
4732600.000000 2048900.000000 2035.000000 -3.966500
4732600.000000 2050000.000000 1495.000000 0.374500
4732600.000000 2051000.000000 1855.000000 -0.484810
4732600.000000 2052000.000000 2215.000000 -2.104000
4732600.000000 2053000.000000 2395.000000 -6.533300
4732600.000000 2054000.000000 2215.000000 -7.151300
4732600.000000 2055100.000000 2215.000000 -7.774900
4732600.000000 2056300.000000 2215.000000 -5.107400
4732600.000000 2057400.000000 2215.000000 -2.750300
4732600.000000 2058400.000000 2035.000000 -1.287000
4732600.000000 2059400.000000 2035.000000 -0.548400
4732600.000000 2060400.000000 2215.000000 -1.118700
4733700.000000 2047900.000000 2215.000000 -4.912600
4733700.000000 2048900.000000 1855.000000 -4.140300
4733700.000000 2050000.000000 1675.000000 -0.652060
4733700.000000 2051000.000000 2035.000000 -1.611300
4733700.000000 2052000.000000 2035.000000 -1.765800
4733700.000000 2053000.000000 1855.000000 -3.375600
4733700.000000 2054000.000000 1855.000000 -5.851300
4733700.000000 2055100.000000 2035.000000 -8.430800
4733700.000000 2056300.000000 1855.000000 -3.323300
4733700.000000 2057400.000000 2215.000000 -3.021900
4733700.000000 2058400.000000 2035.000000 -2.097000
4733700.000000 2059400.000000 2215.000000 -1.159300
4733700.000000 2060400.000000 2395.000000 -1.289900
4734800.000000 2047900.000000 1675.000000 -2.892200
4734800.000000 2048900.000000 1495.000000 -2.710700
4734800.000000 2050000.000000 1855.000000 -1.593500
4734800.000000 2051000.000000 1855.000000 -0.338670
4734800.000000 2052000.000000 1675.000000 -1.763200
4734800.000000 2053000.000000 2035.000000 -4.598800
4734800.000000 2054000.000000 2395.000000 -10.484000
4734800.000000 2055100.000000 2395.000000 -13.139000
4734800.000000 2056300.000000 2215.000000 -8.590200
4734800.000000 2057400.000000 2395.000000 -4.133700
4734800.000000 2058400.000000 2755.000000 -2.391300
4734800.000000 2059400.000000 2755.000000 -1.494000
4734800.000000 2060400.000000 2755.000000 -1.011400
4735900.000000 2047900.000000 1675.000000 -4.040900
4735900.000000 2048900.000000 1855.000000 -5.184400
4735900.000000 2050000.000000 1855.000000 -2.247400
4735900.000000 2051000.000000 1855.000000 -0.311900
4735900.000000 2052000.000000 2035.000000 -1.353600
4735900.000000 2053000.000000 2215.000000 -4.643700
4735900.000000 2054000.000000 2395.000000 -12.214000
4735900.000000 2055100.000000 2395.000000 -14.747000
4735900.000000 2056300.000000 2395.000000 -10.533000
4735900.000000 2057400.000000 2395.000000 -5.213200
4735900.000000 2058400.000000 2755.000000 -4.064400
4735900.000000 2059400.000000 2935.000000 -2.354600
4735900.000000 2060400.000000 2935.000000 -1.982900
4737300.000000 2047900.000000 1495.000000 -1.737700
4737300.000000 2048900.000000 1495.000000 -1.396900
4737300.000000 2050000.000000 1495.000000 0.039077
4737300.000000 2051000.000000 1855.000000 -0.037397
4737300.000000 2052000.000000 2035.000000 -0.711800
4737300.000000 2053000.000000 2215.000000 -3.175600
4737300.000000 2054000.000000 2575.000000 -9.721700
4737300.000000 2055100.000000 2395.000000 -9.372700
4737300.000000 2056300.000000 2575.000000 -10.237000
4737300.000000 2057400.000000 2215.000000 -5.478200
4737300.000000 2058400.000000 2395.000000 -5.530400
4737300.000000 2059400.000000 2755.000000 -6.038900
4737300.000000 2060400.000000 3115.000000 -5.239200
4738400.000000 2047900.000000 1855.000000 -2.841300
4738400.000000 2048900.000000 1855.000000 -4.049400
4738400.000000 2050000.000000 1675.000000 0.271920
4738400.000000 2051000.000000 2035.000000 -0.397950
4738400.000000 2052000.000000 2575.000000 -1.725600
4738400.000000 2053000.000000 2395.000000 -4.136700
4738400.000000 2054000.000000 2575.000000 -8.393600
4738400.000000 2055100.000000 3115.000000 -11.425000
4738400.000000 2056300.000000 2575.000000 -9.968100
4738400.000000 2057400.000000 2575.000000 -9.416500
4738400.000000 2058400.000000 2395.000000 -7.588300
4738400.000000 2059400.000000 2575.000000 -7.172700
4738400.000000 2060400.000000 2755.000000 -5.022200
4739500.000000 2047900.000000 2035.000000 -3.777900
4739500.000000 2048900.000000 2215.000000 -5.183400
4739500.000000 2050000.000000 1675.000000 1.389700
4739500.000000 2051000.000000 1855.000000 1.507400
4739500.000000 2052000.000000 2035.000000 1.152000
4739500.000000 2053000.000000 2215.000000 -3.056800
4739500.000000 2054000.000000 2755.000000 -7.845500
4739500.000000 2055100.000000 3295.000000 -9.314700
4739500.000000 2056300.000000 2935.000000 -9.417200
4739500.000000 2057400.000000 2935.000000 -8.846300
4739500.000000 2058400.000000 2755.000000 -8.494900
4739500.000000 2059400.000000 2575.000000 -7.222400
4739500.000000 2060400.000000 2935.000000 -5.501900
4740600.000000 2047900.000000 2035.000000 -3.635600
4740600.000000 2048900.000000 2395.000000 -5.079700
4740600.000000 2050000.000000 2035.000000 -0.268000
4740600.000000 2051000.000000 1855.000000 5.832800
4740600.000000 2052000.000000 2215.000000 1.185600
4740600.000000 2053000.000000 2575.000000 -4.263500
4740600.000000 2054000.000000 2755.000000 -6.248000
4740600.000000 2055100.000000 3115.000000 -8.368000
4740600.000000 2056300.000000 3295.000000 -9.063900
4740600.000000 2057400.000000 3115.000000 -9.261400
4740600.000000 2058400.000000 3115.000000 -9.004600
4740600.000000 2059400.000000 2935.000000 -7.732200
4740600.000000 2060400.000000 2575.000000 -4.531300
4741700.000000 2047900.000000 1855.000000 -2.823500
4741700.000000 2048900.000000 2215.000000 -4.841200
4741700.000000 2050000.000000 2215.000000 -2.205200
4741700.000000 2051000.000000 2035.000000 3.071000
4741700.000000 2052000.000000 2035.000000 1.506500
4741700.000000 2053000.000000 2575.000000 -3.681000
4741700.000000 2054000.000000 2755.000000 -6.405400
4741700.000000 2055100.000000 2575.000000 -6.801200
4741700.000000 2056300.000000 2935.000000 -7.917100
4741700.000000 2057400.000000 2575.000000 -6.683600
4741700.000000 2058400.000000 2935.000000 -7.098600
4741700.000000 2059400.000000 2755.000000 -6.585600
4741700.000000 2060400.000000 2215.000000 -4.003100
4742800.000000 2047900.000000 1675.000000 -0.645830
4742800.000000 2048900.000000 1855.000000 -2.027700
4742800.000000 2050000.000000 1855.000000 -0.094959
4742800.000000 2051000.000000 2395.000000 -0.529800
4742800.000000 2052000.000000 2215.000000 -0.030444
4742800.000000 2053000.000000 2395.000000 -3.126800
4742800.000000 2054000.000000 2215.000000 -3.511900
4742800.000000 2055100.000000 2575.000000 -4.995400
4742800.000000 2056300.000000 2755.000000 -5.594900
4742800.000000 2057400.000000 2215.000000 -4.496700
4742800.000000 2058400.000000 2215.000000 -4.408600
4742800.000000 2059400.000000 2215.000000 -4.121200
4742800.000000 2060400.000000 2395.000000 -3.417900
