4734000.000000 2057100.000000 2035.000000 -2.328500
4739700.000000 2054800.000000 3115.000000 -9.357500
4737600.000000 2049700.000000 1495.000000 0.784380
4729900.000000 2051000.000000 2215.000000 -4.833400
4737600.000000 2058900.000000 2575.000000 -6.312600
4730700.000000 2058900.000000 2215.000000 -0.439250
4733700.000000 2052800.000000 1855.000000 -2.860400
4740800.000000 2059100.000000 2935.000000 -7.119300
4742500.000000 2050700.000000 2215.000000 -0.047712
4733400.000000 2048400.000000 2035.000000 -4.632000
4730700.000000 2055100.000000 2935.000000 -5.896900
4740800.000000 2053000.000000 2575.000000 -3.869200
4738100.000000 2052500.000000 2395.000000 -2.283700
4737800.000000 2055800.000000 2755.000000 -11.784000
4740800.000000 2048200.000000 2035.000000 -3.614800
4733400.000000 2058400.000000 2035.000000 -1.582300
4734800.000000 2054800.000000 2395.000000 -13.580000
4740800.000000 2056100.000000 3295.000000 -9.129700
4740600.000000 2051000.000000 1855.000000 5.832800
4734500.000000 2051800.000000 1855.000000 -1.854500
4732600.000000 2055300.000000 2215.000000 -7.707600
4735400.000000 2058600.000000 2755.000000 -2.734600
4730700.000000 2048700.000000 1675.000000 -1.085900
4734500.000000 2059700.000000 2575.000000 -1.649900
4729600.000000 2053000.000000 3115.000000 -5.497300
4732100.000000 2051000.000000 2035.000000 -1.103200
4735600.000000 2048400.000000 1675.000000 -4.689900
4741700.000000 2048400.000000 1855.000000 -2.858900
4742200.000000 2057400.000000 2395.000000 -5.614900
4730200.000000 2057100.000000 3115.000000 -3.307500
4737000.000000 2056100.000000 2395.000000 -9.543000
4739200.000000 2057600.000000 2935.000000 -9.449800
4741400.000000 2054300.000000 2935.000000 -6.998800
4732400.000000 2060200.000000 2035.000000 -0.057966
4738900.000000 2048200.000000 2035.000000 -4.119700
4731800.000000 2053300.000000 2755.000000 -8.348300
4735600.000000 2050000.000000 1855.000000 -2.338500
4737300.000000 2053800.000000 2575.000000 -9.530900
4741700.000000 2059900.000000 2575.000000 -5.989300
4738900.000000 2052800.000000 2395.000000 -3.352500
4738700.000000 2060200.000000 2575.000000 -5.363500
4736500.000000 2053000.000000 2215.000000 -4.547100
4731000.000000 2060200.000000 2575.000000 -1.408800
4732400.000000 2057900.000000 2215.000000 -1.186100
4742800.000000 2053300.000000 2395.000000 -2.990600
4738700.000000 2051500.000000 2035.000000 0.288290
4736700.000000 2058900.000000 2575.000000 -3.436100
4734500.000000 2055800.000000 2215.000000 -9.663800
4734000.000000 2049200.000000 1675.000000 -2.486000
4735900.000000 2059900.000000 3115.000000 -3.066600
4729600.000000 2049500.000000 1855.000000 -3.681200
4741400.000000 2049700.000000 2215.000000 -3.421000
4736700.000000 2050500.000000 1675.000000 0.136250
4732100.000000 2050000.000000 1675.000000 -0.496290
4733400.000000 2051500.000000 2035.000000 -1.017900
4739700.000000 2058600.000000 2575.000000 -8.291300
4732400.000000 2054600.000000 2395.000000 -8.171000
4741100.000000 2052000.000000 2035.000000 3.063300
4741700.000000 2055100.000000 2575.000000 -6.801200
4741700.000000 2059100.000000 2935.000000 -6.663900
4737600.000000 2056900.000000 2575.000000 -9.913600
4735600.000000 2057400.000000 2395.000000 -4.796900
4730200.000000 2055800.000000 3295.000000 -6.118600
4730400.000000 2052300.000000 2755.000000 -6.529300
4742500.000000 2056100.000000 2935.000000 -6.639100
4735600.000000 2052000.000000 2035.000000 -2.010000
4739500.000000 2049200.000000 2035.000000 -3.436400
4741100.000000 2057100.000000 2935.000000 -8.407700
4729600.000000 2054300.000000 3295.000000 -5.609500
4736500.000000 2048200.000000 1855.000000 -4.318700
4732400.000000 2059100.000000 2035.000000 -0.400290
4731500.000000 2057100.000000 2575.000000 -2.517100
4740000.000000 2059700.000000 2755.000000 -7.012500
4742500.000000 2048900.000000 2035.000000 -3.292400
4729600.000000 2059100.000000 2215.000000 -0.456110
4736700.000000 2060200.000000 2935.000000 -3.789900
4740000.000000 2053000.000000 2395.000000 -3.596100
4732400.000000 2048200.000000 2215.000000 -4.162700
4732400.000000 2052300.000000 2395.000000 -3.873200
4736500.000000 2057400.000000 2215.000000 -4.147000
4738700.000000 2050200.000000 1675.000000 0.136100
4731000.000000 2056300.000000 3115.000000 -6.090700
4734000.000000 2050700.000000 2035.000000 -1.601700
4733200.000000 2050500.000000 1675.000000 -0.626220
4730200.000000 2053500.000000 3115.000000 -6.911200
4735900.000000 2056100.000000 2395.000000 -12.185000
4738400.000000 2053800.000000 2395.000000 -5.300800
4730200.000000 2050200.000000 2035.000000 -4.220300
4737600.000000 2054800.000000 2755.000000 -11.151000
4732900.000000 2057100.000000 2035.000000 -1.693800
4734300.000000 2048200.000000 1855.000000 -4.692200
4735400.000000 2054000.000000 2575.000000 -13.880000
4734300.000000 2053800.000000 2215.000000 -7.744700
4736700.000000 2054800.000000 2575.000000 -13.058000
4734500.000000 2057900.000000 2575.000000 -3.070100
4731500.000000 2054800.000000 2935.000000 -8.118200
4731300.000000 2048200.000000 1855.000000 -1.983300
4735100.000000 2049200.000000 1675.000000 -3.609000
4742200.000000 2052500.000000 2215.000000 -0.765130
4733700.000000 2056100.000000 2035.000000 -6.787100
4737800.000000 2048900.000000 1675.000000 -2.450900
4742500.000000 2058900.000000 2395.000000 -4.891500
4740000.000000 2057100.000000 3115.000000 -9.247900
4741700.000000 2056100.000000 3115.000000 -8.507900
4729900.000000 2048200.000000 2035.000000 -3.341000
4740800.000000 2060200.000000 2395.000000 -5.695200
4735400.000000 2051000.000000 1495.000000 0.427570
4741700.000000 2050700.000000 2215.000000 0.733780
4733700.000000 2054800.000000 2215.000000 -8.998300
4740000.000000 2052300.000000 2035.000000 1.173000
4729600.000000 2060200.000000 2575.000000 -0.724220
4734500.000000 2052800.000000 2035.000000 -3.420500
4731500.000000 2059400.000000 2395.000000 -1.066700
4737600.000000 2050700.000000 2035.000000 -0.899440
4738700.000000 2055300.000000 2935.000000 -11.003000
4731300.000000 2052300.000000 2755.000000 -5.676900
4731000.000000 2051000.000000 2035.000000 -1.190300
4736500.000000 2049200.000000 1855.000000 -3.883400
4733700.000000 2060200.000000 2215.000000 -1.213000
4734300.000000 2050000.000000 1675.000000 -0.293930
4741900.000000 2053500.000000 2395.000000 -4.665800
4742500.000000 2059900.000000 2395.000000 -4.853000
4737600.000000 2059900.000000 2935.000000 -6.190600
4729900.000000 2056300.000000 3295.000000 -5.053300
4736700.000000 2052300.000000 1855.000000 -1.309600
4731800.000000 2048900.000000 2035.000000 -3.353600
4738700.000000 2059100.000000 2395.000000 -6.515100
4740300.000000 2054000.000000 2935.000000 -7.425100
4740600.000000 2055100.000000 3115.000000 -8.368000
4729300.000000 2057100.000000 2935.000000 -0.640740
4732900.000000 2049500.000000 1855.000000 -2.798200
4732600.000000 2056600.000000 2215.000000 -5.307100
4740600.000000 2049700.000000 1855.000000 -0.703230
4740600.000000 2058100.000000 3115.000000 -9.167600
4731500.000000 2058400.000000 2395.000000 -0.352760
4731800.000000 2056100.000000 2575.000000 -5.504700
4738400.000000 2058100.000000 2395.000000 -7.491300
4736500.000000 2053800.000000 2755.000000 -11.080000
4737300.000000 2057900.000000 2215.000000 -4.984600
4739500.000000 2051200.000000 1855.000000 1.746600
4737600.000000 2048200.000000 1315.000000 -0.372010
4740000.000000 2048400.000000 2215.000000 -5.368100
4737300.000000 2053000.000000 2215.000000 -3.175600
4731000.000000 2053500.000000 2755.000000 -5.277300
4740800.000000 2048900.000000 2215.000000 -5.045500
4742500.000000 2054300.000000 2395.000000 -4.903700
4741900.000000 2058100.000000 2755.000000 -7.501600
4735100.000000 2060200.000000 2755.000000 -1.520800
4738700.000000 2056600.000000 2755.000000 -9.423300
4733400.000000 2053800.000000 1675.000000 -3.843400
4737600.000000 2051500.000000 2395.000000 -1.073000
4734300.000000 2058600.000000 2395.000000 -1.847500
4735100.000000 2056600.000000 2215.000000 -5.956100
4739500.000000 2060200.000000 2935.000000 -6.233200
4729600.000000 2051800.000000 2395.000000 -4.729000
4742500.000000 2048200.000000 1675.000000 -1.497300
4742200.000000 2051800.000000 2215.000000 0.106860
4739500.000000 2053800.000000 2575.000000 -6.446100
4742500.000000 2055300.000000 2575.000000 -5.387700
4731300.000000 2049700.000000 1675.000000 0.191600
4730700.000000 2058100.000000 2755.000000 -0.886470
4736500.000000 2051200.000000 1855.000000 0.246690
4732600.000000 2053500.000000 2215.000000 -6.407100
4735600.000000 2053300.000000 2215.000000 -6.457900
4740000.000000 2055800.000000 3295.000000 -8.953500
4738700.000000 2049500.000000 1855.000000 -1.485600
4733200.000000 2059400.000000 2035.000000 -0.695890
4735900.000000 2054800.000000 2575.000000 -15.538000
4742500.000000 2049700.000000 1855.000000 -1.101800
4730400.000000 2054300.000000 2935.000000 -4.937000
4729900.000000 2058100.000000 2575.000000 -0.594270
4729600.000000 2055300.000000 3295.000000 -4.858900
4739500.000000 2050500.000000 1855.000000 0.879210
4733200.000000 2052500.000000 2215.000000 -4.254500
4730200.000000 2059900.000000 2755.000000 -0.337520
