4740800.000000 2059900.000000 2575.000000 -6.750300
4741400.000000 2056900.000000 2935.000000 -8.206300
4738400.000000 2058100.000000 2395.000000 -7.491300
4738400.000000 2057400.000000 2575.000000 -9.416500
4741400.000000 2055600.000000 2935.000000 -7.811300
4741700.000000 2058100.000000 2935.000000 -7.932100
4737800.000000 2057600.000000 2395.000000 -7.938200
4737000.000000 2054800.000000 2395.000000 -11.149000
4741900.000000 2054800.000000 2575.000000 -6.636300
4737600.000000 2059400.000000 2935.000000 -7.563300
4738900.000000 2058100.000000 2575.000000 -8.080600
4736500.000000 2055800.000000 2395.000000 -11.396000
4736700.000000 2055600.000000 2395.000000 -10.515000
4737000.000000 2058100.000000 2395.000000 -5.351200
4742200.000000 2056100.000000 2935.000000 -7.352100
4737000.000000 2054600.000000 2395.000000 -10.198000
4736200.000000 2054800.000000 2395.000000 -13.763000
4740000.000000 2058900.000000 2755.000000 -7.831200
4740300.000000 2059400.000000 2755.000000 -7.326100
4739200.000000 2057100.000000 2755.000000 -8.877400
4737600.000000 2055800.000000 2755.000000 -11.985000
4737600.000000 2060200.000000 3115.000000 -6.740000
4736500.000000 2060400.000000 3115.000000 -3.381000
4742800.000000 2059700.000000 2395.000000 -4.170900
4740800.000000 2057400.000000 3115.000000 -9.238800
4737300.000000 2056900.000000 2395.000000 -8.063800
4738900.000000 2056100.000000 2935.000000 -9.923000
4742500.000000 2055100.000000 2575.000000 -5.044900
4742800.000000 2059400.000000 2215.000000 -4.121200
4738900.000000 2055800.000000 2935.000000 -10.236000
4739700.000000 2056600.000000 3115.000000 -9.703400
4738900.000000 2057100.000000 2755.000000 -8.897500
4738100.000000 2056600.000000 2575.000000 -9.710000
4742200.000000 2055300.000000 2575.000000 -5.776700
4737600.000000 2056100.000000 2755.000000 -11.144000
4734000.000000 2059100.000000 2395.000000 -1.688900
4735900.000000 2058100.000000 2755.000000 -4.955000
4729300.000000 2056300.000000 3115.000000 -1.402700
4735900.000000 2056300.000000 2395.000000 -10.533000
4733700.000000 2059400.000000 2215.000000 -1.159300
4731300.000000 2057900.000000 2755.000000 -1.789200
4733200.000000 2058100.000000 2035.000000 -1.411900
4734000.000000 2054800.000000 2215.000000 -10.144000
4735600.000000 2055100.000000 2395.000000 -15.109000
4730700.000000 2054800.000000 3115.000000 -6.916700
4734800.000000 2057600.000000 2395.000000 -2.679800
4732400.000000 2060200.000000 2035.000000 -0.057966
4731300.000000 2058600.000000 2215.000000 0.269910
4733700.000000 2058400.000000 2035.000000 -2.097000
4733400.000000 2060200.000000 2215.000000 -0.435640
4730200.000000 2059400.000000 2575.000000 -0.690290
4733400.000000 2058100.000000 2035.000000 -1.873300
4735900.000000 2058900.000000 2935.000000 -4.495300
4735900.000000 2057900.000000 2575.000000 -4.490600
4731800.000000 2056300.000000 2575.000000 -5.509600
4733700.000000 2053300.000000 1855.000000 -4.592800
4730200.000000 2052500.000000 2935.000000 -6.207100
4734000.000000 2053800.000000 2035.000000 -6.774400
4729600.000000 2053500.000000 3295.000000 -5.568200
4733200.000000 2054000.000000 1855.000000 -6.304800
4731500.000000 2049700.000000 1855.000000 -0.945150
4734000.000000 2053300.000000 2035.000000 -4.930600
4732400.000000 2049700.000000 1675.000000 0.132450
4729600.000000 2052300.000000 2575.000000 -4.395400
4732600.000000 2049700.000000 1675.000000 -0.238530
4733200.000000 2052800.000000 2035.000000 -2.955100
4734500.000000 2053000.000000 2035.000000 -4.954600
4735600.000000 2048900.000000 1675.000000 -4.123000
4730400.000000 2048700.000000 1675.000000 -1.317300
4735100.000000 2052500.000000 2035.000000 -2.716900
4729600.000000 2050200.000000 2035.000000 -3.987700
4729900.000000 2052800.000000 3115.000000 -6.594000
4733400.000000 2050000.000000 1495.000000 0.009422
4735600.000000 2052800.000000 2215.000000 -3.706800
4730700.000000 2050500.000000 2035.000000 -3.688500
4735400.000000 2050000.000000 2035.000000 -3.049500
4730200.000000 2054000.000000 2935.000000 -3.942000
4734800.000000 2052000.000000 1675.000000 -1.763200
4735400.000000 2053300.000000 2215.000000 -5.813200
4733700.000000 2052800.000000 1855.000000 -2.860400
4732100.000000 2048700.000000 2215.000000 -4.215800
4732100.000000 2048200.000000 2215.000000 -4.655000
4734000.000000 2048200.000000 2035.000000 -5.334600
4732400.000000 2047900.000000 2215.000000 -3.509300
4729900.000000 2049500.000000 1855.000000 -3.537200
4730700.000000 2050200.000000 1855.000000 -2.319200
4731300.000000 2049500.000000 1675.000000 -0.365570
4730200.000000 2051800.000000 2575.000000 -6.072300
4731300.000000 2051200.000000 2395.000000 -3.218500
4729300.000000 2050200.000000 2035.000000 -3.505100
4729600.000000 2048400.000000 2035.000000 -2.927400
4730400.000000 2050700.000000 2215.000000 -5.059700
4731800.000000 2049500.000000 1855.000000 -1.311000
4732400.000000 2048200.000000 2215.000000 -4.162700
4735400.000000 2049500.000000 1675.000000 -2.274200
4734000.000000 2053000.000000 1855.000000 -4.074200
4735600.000000 2049500.000000 1855.000000 -3.270500
4729900.000000 2053000.000000 3295.000000 -7.253800
4730200.000000 2050700.000000 2215.000000 -5.083200
4735900.000000 2051000.000000 1855.000000 -0.311900
4731300.000000 2052500.000000 2935.000000 -7.374400
4731500.000000 2048900.000000 1855.000000 -2.051500
4730200.000000 2048400.000000 1855.000000 -2.932900
4733700.000000 2052500.000000 1855.000000 -1.961100
4729600.000000 2050500.000000 2035.000000 -3.746200
4734800.000000 2048700.000000 1495.000000 -1.858900
4729300.000000 2052500.000000 2755.000000 -4.006200
4734500.000000 2051500.000000 1855.000000 -0.990620
4730700.000000 2052500.000000 2935.000000 -6.392900
4731500.000000 2051200.000000 2215.000000 -1.043500
4734300.000000 2050500.000000 1855.000000 -0.975460
4732400.000000 2053300.000000 2575.000000 -7.795200
4734500.000000 2052800.000000 2035.000000 -3.420500
4735100.000000 2048900.000000 1495.000000 -2.108900
4733400.000000 2052000.000000 2215.000000 -3.017800
4735900.000000 2054000.000000 2395.000000 -12.214000
4735600.000000 2051500.000000 1855.000000 -0.320850
4735900.000000 2048900.000000 1855.000000 -5.184400
4735100.000000 2050700.000000 1675.000000 0.099180
4731000.000000 2049200.000000 1675.000000 -0.830970
4732600.000000 2051200.000000 1855.000000 -0.368200
4732900.000000 2053300.000000 2215.000000 -6.564100
4734300.000000 2053500.000000 2035.000000 -5.925100
4732100.000000 2048900.000000 2035.000000 -3.219100
4735900.000000 2053300.000000 2395.000000 -6.855300
4730200.000000 2049700.000000 1855.000000 -3.550600
4731500.000000 2050700.000000 2035.000000 -1.179200
4731800.000000 2049200.000000 1855.000000 -1.435100
4730400.000000 2053000.000000 3115.000000 -7.801000
4732900.000000 2054000.000000 2035.000000 -7.034400
4731500.000000 2052800.000000 2935.000000 -7.681800
4731500.000000 2050500.000000 1855.000000 -0.394350
4735900.000000 2053000.000000 2215.000000 -4.643700
4735400.000000 2047900.000000 1495.000000 -2.348500
4731800.000000 2051500.000000 2395.000000 -1.977200
4730400.000000 2049200.000000 1855.000000 -3.296500
4733700.000000 2048400.000000 2035.000000 -5.299200
4730200.000000 2050200.000000 2035.000000 -4.220300
4735400.000000 2054000.000000 2575.000000 -13.880000
4733700.000000 2054000.000000 1855.000000 -5.851300
4729900.000000 2052000.000000 2575.000000 -5.196600
4733200.000000 2048400.000000 2215.000000 -5.486000
4733200.000000 2048700.000000 2215.000000 -4.950100
4729600.000000 2053800.000000 3295.000000 -6.840600
4735900.000000 2049200.000000 1855.000000 -4.423300
4731000.000000 2047900.000000 1675.000000 -0.507190
4732600.000000 2053300.000000 2395.000000 -6.935500
4732600.000000 2052800.000000 2395.000000 -5.872600
4732900.000000 2050500.000000 1675.000000 -0.559700
4729900.000000 2051800.000000 2395.000000 -4.651000
4731300.000000 2053300.000000 2935.000000 -8.005900
4733400.000000 2051500.000000 2035.000000 -1.017900
4732100.000000 2051500.000000 2215.000000 -1.461800
4730700.000000 2048200.000000 1675.000000 -1.547800
4729600.000000 2048900.000000 1855.000000 -3.435500
4734800.000000 2054000.000000 2395.000000 -10.484000
4735900.000000 2050700.000000 1675.000000 0.442290
4732900.000000 2050700.000000 1855.000000 0.011808
4738900.000000 2051800.000000 2035.000000 0.728940
4742200.000000 2054000.000000 2395.000000 -5.760900
4737000.000000 2049200.000000 1675.000000 -3.154400
4741900.000000 2052300.000000 2035.000000 0.711150
4740000.000000 2048700.000000 2215.000000 -5.613000
4736500.000000 2053000.000000 2215.000000 -4.547100
4740800.000000 2051200.000000 1855.000000 7.623400
4739700.000000 2052000.000000 2035.000000 2.018400
4738900.000000 2050200.000000 1675.000000 0.344850
4740000.000000 2052800.000000 2215.000000 -1.882800
4741100.000000 2051000.000000 2035.000000 5.258300
4737300.000000 2052800.000000 2395.000000 -3.624200
4740600.000000 2050200.000000 2035.000000 0.767820
4739700.000000 2050200.000000 1675.000000 1.832300
4736200.000000 2052300.000000 2035.000000 -1.360000
4740300.000000 2048400.000000 2215.000000 -5.233400
4741900.000000 2052500.000000 2215.000000 -1.445400
