4733995.000000 2056852.000000 2035.000000 5.289957
4740845.000000 2049712.000000 2035.000000 73.784370
4729885.000000 2051752.000000 2395.000000 15.716550
4737831.000000 2055578.000000 2755.000000 -30.055280
4735365.000000 2049968.000000 2035.000000 -19.219900
4741119.000000 2057362.000000 2935.000000 -44.928670
4730159.000000 2058382.000000 2575.000000 -2.406060
4738105.000000 2059912.000000 2755.000000 -80.797630
4732625.000000 2052772.000000 2395.000000 9.018792
4737557.000000 2054302.000000 2575.000000 -5.182359
4729885.000000 2048438.000000 2035.000000 11.401200
4740845.000000 2054812.000000 2935.000000 -46.247880
4739475.000000 2052518.000000 2215.000000 -58.090730
4738927.000000 2049712.000000 1855.000000 17.230180
4730981.000000 2056088.000000 3115.000000 19.997080
4735091.000000 2058128.000000 2575.000000 -3.175390
4739749.000000 2058638.000000 2575.000000 -53.163420
4734817.000000 2053538.000000 2215.000000 40.861350
4732899.000000 2058128.000000 1855.000000 -7.575632
4742215.000000 2052518.000000 2215.000000 -74.056680
4732351.000000 2049712.000000 1675.000000 13.251240
4732899.000000 2059912.000000 2035.000000 -7.264525
4736461.000000 2050988.000000 1675.000000 92.357620
4736187.000000 2048438.000000 1855.000000 -3.692706
4732899.000000 2055322.000000 2035.000000 -8.004542
4742215.000000 2059658.000000 2575.000000 -85.669510
4738379.000000 2058382.000000 2395.000000 -52.192050
4739475.000000 2048438.000000 2215.000000 28.239270
4735913.000000 2059912.000000 3115.000000 4.211577
4729885.000000 2055322.000000 3115.000000 8.771268
4742215.000000 2048182.000000 1675.000000 29.060220
4730981.000000 2049712.000000 1675.000000 6.537902
4732899.000000 2048438.000000 2215.000000 8.317026
4733995.000000 2052262.000000 1855.000000 36.917500
4739749.000000 2057362.000000 2935.000000 -62.979180
4736461.000000 2055578.000000 2575.000000 -111.308900
4738105.000000 2051242.000000 2215.000000 4.148441
4729885.000000 2059912.000000 2575.000000 -4.174535
4732351.000000 2056598.000000 2395.000000 11.505230
4735913.000000 2052518.000000 2215.000000 153.670500
4742215.000000 2050732.000000 2215.000000 -52.532860
4734543.000000 2055322.000000 2215.000000 -83.231480
4733995.000000 2058638.000000 2215.000000 -10.954400
4731255.000000 2052262.000000 2755.000000 17.341310
4730433.000000 2053028.000000 3115.000000 9.958067
4739201.000000 2054302.000000 2935.000000 -71.308420
4740845.000000 2053538.000000 2755.000000 -57.166230
4740571.000000 2052262.000000 2215.000000 -60.098840
4733721.000000 2050732.000000 2035.000000 32.358060
4734817.000000 2048438.000000 1675.000000 18.478350
4729885.000000 2057108.000000 3115.000000 2.790384
4742215.000000 2055068.000000 2575.000000 -25.280590
4730981.000000 2050988.000000 2035.000000 22.880130
4731529.000000 2055068.000000 2755.000000 -0.073716
4737283.000000 2052518.000000 2215.000000 67.159540
4736187.000000 2054048.000000 2395.000000 -32.232110
4739749.000000 2050732.000000 1855.000000 0.764815
4731255.000000 2057362.000000 2755.000000 0.575812
4737831.000000 2048438.000000 1495.000000 9.012139
4731255.000000 2059912.000000 2575.000000 2.553140
4737009.000000 2057108.000000 2215.000000 -22.509280
4742215.000000 2057872.000000 2575.000000 -56.507550
4731803.000000 2053792.000000 2575.000000 -7.181293
4740845.000000 2048438.000000 2395.000000 -60.412570
4739475.000000 2055578.000000 3115.000000 -40.710560
4733447.000000 2054048.000000 1675.000000 -9.025711
4740845.000000 2059912.000000 2575.000000 -96.754230
4735091.000000 2051498.000000 1675.000000 111.461800
4729885.000000 2049968.000000 2035.000000 7.763444
4737283.000000 2049712.000000 1495.000000 -20.541290
4733995.000000 2049458.000000 1495.000000 27.274430
4729885.000000 2054048.000000 3115.000000 2.451164
4738379.000000 2052772.000000 2395.000000 13.206570
4739475.000000 2059912.000000 2755.000000 -124.089200
4742215.000000 2053792.000000 2395.000000 -38.397100
4734543.000000 2059912.000000 2395.000000 1.075207
4736461.000000 2058382.000000 2575.000000 16.348580
4731529.000000 2048438.000000 1855.000000 11.582110
4732351.000000 2051242.000000 2035.000000 4.189751
4742215.000000 2056342.000000 2755.000000 -44.263360
4742215.000000 2049458.000000 2035.000000 -10.613010
4741119.000000 2058638.000000 3115.000000 -106.819200
4741119.000000 2051242.000000 1855.000000 10.520040
4735639.000000 2056598.000000 2215.000000 38.638380
4738653.000000 2056852.000000 2755.000000 -47.009770
4737283.000000 2059912.000000 2935.000000 -15.318830
4740845.000000 2056088.000000 3295.000000 -66.922950
4731529.000000 2058638.000000 2215.000000 -5.338237
