4729337.000000 2047928.000000 2215.000000 2.551700
4729337.000000 2049458.000000 1855.000000 9.238906
4729337.000000 2050988.000000 2215.000000 16.653960
4729337.000000 2052518.000000 2755.000000 20.762140
4729337.000000 2054048.000000 3295.000000 9.857724
4729337.000000 2055832.000000 3295.000000 17.600520
4729337.000000 2057362.000000 2935.000000 5.406030
4729337.000000 2058892.000000 2215.000000 -4.680947
4729337.000000 2060422.000000 2755.000000 0.257802
4730981.000000 2047928.000000 1675.000000 20.914830
4730981.000000 2049458.000000 1675.000000 15.599150
4730981.000000 2050988.000000 2035.000000 22.880130
4730981.000000 2052518.000000 2935.000000 18.348610
4730981.000000 2054048.000000 2755.000000 12.890160
4730981.000000 2055832.000000 2935.000000 7.629128
4730981.000000 2057362.000000 2755.000000 13.449460
4730981.000000 2058892.000000 2215.000000 0.751685
4730981.000000 2060422.000000 2575.000000 -5.057978
4732625.000000 2047928.000000 2395.000000 6.859150
4732625.000000 2049458.000000 1855.000000 20.023310
4732625.000000 2050988.000000 1855.000000 10.529660
4732625.000000 2052518.000000 2395.000000 7.416035
4732625.000000 2054048.000000 2215.000000 2.286068
4732625.000000 2055832.000000 2215.000000 4.718685
4732625.000000 2057362.000000 2215.000000 4.394490
4732625.000000 2058892.000000 2035.000000 -0.729198
4732625.000000 2060422.000000 2215.000000 -9.037321
4734269.000000 2047928.000000 1855.000000 11.926040
4734269.000000 2049458.000000 1495.000000 18.109930
4734269.000000 2050988.000000 2215.000000 26.121340
4734269.000000 2052518.000000 1675.000000 61.924240
4734269.000000 2054048.000000 2035.000000 -21.027420
4734269.000000 2055832.000000 2215.000000 -44.725960
4734269.000000 2057362.000000 2215.000000 -5.044848
4734269.000000 2058892.000000 2575.000000 6.065603
4734269.000000 2060422.000000 2395.000000 -4.758296
4735913.000000 2047928.000000 1675.000000 -8.591428
4735913.000000 2049458.000000 2035.000000 -28.501610
4735913.000000 2050988.000000 1855.000000 73.809340
4735913.000000 2052518.000000 2215.000000 153.670500
4735913.000000 2054048.000000 2395.000000 -43.422130
4735913.000000 2055832.000000 2395.000000 -116.881200
4735913.000000 2057362.000000 2395.000000 1.675412
4735913.000000 2058892.000000 2935.000000 3.930727
4735913.000000 2060422.000000 2935.000000 -13.027590
4737831.000000 2047928.000000 1495.000000 18.603950
4737831.000000 2049458.000000 1675.000000 19.653770
4737831.000000 2050988.000000 2035.000000 11.713780
4737831.000000 2052518.000000 2395.000000 28.791810
4737831.000000 2054048.000000 2575.000000 9.279496
4737831.000000 2055832.000000 2755.000000 -30.297890
4737831.000000 2057362.000000 2395.000000 -21.470600
4737831.000000 2058892.000000 2575.000000 -57.084700
4737831.000000 2060422.000000 2935.000000 -127.252600
4739475.000000 2047928.000000 2035.000000 11.591500
4739475.000000 2049458.000000 1855.000000 29.891900
4739475.000000 2050988.000000 1855.000000 0.254594
4739475.000000 2052518.000000 2215.000000 -58.090730
4739475.000000 2054048.000000 2755.000000 -94.699310
4739475.000000 2055832.000000 3115.000000 -68.066290
4739475.000000 2057362.000000 2935.000000 -42.094160
4739475.000000 2058892.000000 2575.000000 -60.754650
4739475.000000 2060422.000000 2935.000000 -154.816000
4741119.000000 2047928.000000 2035.000000 14.171370
4741119.000000 2049458.000000 2215.000000 -54.194430
4741119.000000 2050988.000000 2035.000000 -24.768220
4741119.000000 2052518.000000 2215.000000 -95.564000
4741119.000000 2054048.000000 2755.000000 -39.423010
4741119.000000 2055832.000000 3115.000000 -57.726120
4741119.000000 2057362.000000 2935.000000 -44.928670
4741119.000000 2058892.000000 2935.000000 -84.400660
4741119.000000 2060422.000000 2215.000000 -105.107400
4742763.000000 2047928.000000 1675.000000 24.069380
4742763.000000 2049458.000000 1855.000000 10.501570
4742763.000000 2050988.000000 2395.000000 -47.150160
4742763.000000 2052518.000000 2395.000000 -32.648420
4742763.000000 2054048.000000 2215.000000 -37.546010
4742763.000000 2055832.000000 2755.000000 -53.946050
4742763.000000 2057362.000000 2215.000000 -10.951570
4742763.000000 2058892.000000 2215.000000 -50.470630
4742763.000000 2060422.000000 2395.000000 -148.770400
