4737009.000000 2059912.000000 2935.000000 6.425276
4735365.000000 2051498.000000 1675.000000 100.714000
4735091.000000 2051498.000000 1675.000000 111.461800
4741667.000000 2057362.000000 2575.000000 -26.197870
4737557.000000 2057362.000000 2215.000000 -35.330640
4732899.000000 2052518.000000 2215.000000 18.703190
4737831.000000 2056342.000000 2755.000000 -3.752226
4742489.000000 2048948.000000 2035.000000 -76.652600
4731803.000000 2059912.000000 2395.000000 -2.635954
4742763.000000 2055578.000000 2755.000000 -42.790970
4731803.000000 2053282.000000 2755.000000 -6.172489
4730433.000000 2059658.000000 2575.000000 -8.652110
4734269.000000 2053792.000000 2215.000000 17.329230
4735365.000000 2055832.000000 2575.000000 -146.363100
4732899.000000 2053028.000000 2215.000000 11.859900
4734269.000000 2052008.000000 1855.000000 35.402300
4737009.000000 2051498.000000 1855.000000 82.906050
4738105.000000 2049458.000000 1675.000000 18.353130
4731529.000000 2048438.000000 1855.000000 11.582110
4735365.000000 2048692.000000 1675.000000 0.757445
4740571.000000 2053538.000000 2755.000000 -57.399240
4733173.000000 2052772.000000 2035.000000 15.356210
4740297.000000 2050732.000000 1855.000000 30.872260
4742489.000000 2057108.000000 2395.000000 -26.675480
4730159.000000 2059658.000000 2575.000000 -0.628234
4733995.000000 2058382.000000 2215.000000 -5.794725
4736187.000000 2051498.000000 1855.000000 89.073460
4734817.000000 2056598.000000 2215.000000 19.487850
4736461.000000 2054302.000000 2395.000000 -22.632560
4732077.000000 2050222.000000 1675.000000 6.607764
4737009.000000 2054812.000000 2395.000000 -46.148730
4730159.000000 2059148.000000 2215.000000 -8.157414
4735639.000000 2055322.000000 2395.000000 -107.720600
4740297.000000 2056088.000000 3295.000000 -54.973200
4734269.000000 2056088.000000 2035.000000 -37.455690
4735365.000000 2054048.000000 2575.000000 -44.813100
4739201.000000 2053538.000000 2575.000000 -82.583240
4736735.000000 2052008.000000 1855.000000 142.949700
4740023.000000 2058638.000000 2755.000000 -54.412280
4736187.000000 2049968.000000 1855.000000 29.822210
4741667.000000 2054048.000000 2755.000000 -52.521040
4736187.000000 2053792.000000 2575.000000 -9.259613
4739749.000000 2057108.000000 2935.000000 -38.146850
4736187.000000 2052008.000000 2035.000000 126.646400
4733447.000000 2053538.000000 1855.000000 3.799485
4738105.000000 2049968.000000 1675.000000 4.124861
4736461.000000 2050732.000000 1675.000000 78.838510
4729885.000000 2056598.000000 3115.000000 0.382040
4739475.000000 2049202.000000 2035.000000 29.118800
4742215.000000 2060422.000000 2395.000000 -130.562100
4731529.000000 2053028.000000 2935.000000 17.142790
4738927.000000 2049202.000000 2035.000000 21.542620
4733173.000000 2049712.000000 1675.000000 9.001170
4729611.000000 2058892.000000 2215.000000 -5.485861
4729611.000000 2049458.000000 1855.000000 2.339630
4730433.000000 2052518.000000 2935.000000 18.436660
4734817.000000 2057108.000000 2395.000000 14.604120
4736187.000000 2058892.000000 2755.000000 2.722175
4740023.000000 2048438.000000 2215.000000 23.298690
4737009.000000 2060422.000000 3115.000000 13.744940
4742215.000000 2050222.000000 2215.000000 -26.383590
4737283.000000 2051752.000000 2035.000000 66.509840
4730707.000000 2060168.000000 2755.000000 3.456060
4741119.000000 2054812.000000 2935.000000 -52.808390
4730159.000000 2055068.000000 3115.000000 1.554247
4735639.000000 2057362.000000 2395.000000 5.611922
4737283.000000 2053538.000000 2575.000000 42.057160
4730159.000000 2057618.000000 2935.000000 -5.553908
4732351.000000 2053538.000000 2395.000000 -0.169425
4731529.000000 2056342.000000 2755.000000 8.911548
4732077.000000 2052518.000000 2575.000000 15.522630
4741941.000000 2059658.000000 2755.000000 -102.153700
4741667.000000 2053282.000000 2575.000000 -62.228200
4735091.000000 2056598.000000 2215.000000 40.183480
4736187.000000 2057618.000000 2395.000000 18.813260
4735365.000000 2053792.000000 2575.000000 39.262140
4736461.000000 2058382.000000 2575.000000 16.348580
4741667.000000 2049458.000000 2395.000000 -50.595640
4737283.000000 2058128.000000 2395.000000 -7.453501
4729337.000000 2058892.000000 2215.000000 -4.680947
4739475.000000 2055068.000000 3295.000000 -84.665450
4731803.000000 2047928.000000 2035.000000 14.100790
4740297.000000 2059402.000000 2755.000000 -47.649200
4729337.000000 2059148.000000 2215.000000 -1.618171
4736187.000000 2056342.000000 2215.000000 -5.423204
4740023.000000 2052262.000000 2035.000000 -53.720720
4740571.000000 2058128.000000 3115.000000 -77.416570
4730707.000000 2048948.000000 1675.000000 18.062500
