9.2737e+05 6.1461e+05 3.7600e+03 -1.7906e+01
9.2812e+05 6.1425e+05 3.8500e+03 -1.9721e+01
9.2822e+05 6.1349e+05 3.8790e+03 -1.9267e+01
9.2806e+05 6.1292e+05 3.9000e+03 -1.7502e+01
9.2902e+05 6.1247e+05 3.9340e+03 -1.7762e+01
9.2919e+05 6.1219e+05 3.8470e+03 -1.6229e+01
9.2961e+05 6.1187e+05 3.7860e+03 -1.5983e+01
9.3000e+05 6.1155e+05 3.6870e+03 -1.5432e+01
9.3032e+05 6.1111e+05 3.6390e+03 -1.6681e+01
9.3041e+05 6.1064e+05 3.6050e+03 -1.7377e+01
9.3073e+05 6.1019e+05 3.5000e+03 -1.5300e+01
9.3082e+05 6.0975e+05 3.4220e+03 -1.3699e+01
9.3106e+05 6.0928e+05 3.3480e+03 -1.2064e+01
9.3130e+05 6.0896e+05 3.3010e+03 -1.0938e+01
9.3150e+05 6.0865e+05 3.2660e+03 -9.0237e+00
9.3178e+05 6.0820e+05 3.2150e+03 -7.3684e+00
9.3202e+05 6.0774e+05 3.1410e+03 -5.7886e+00
9.3198e+05 6.0711e+05 3.1090e+03 -7.2483e+00
9.3239e+05 6.0680e+05 3.0830e+03 -7.6245e+00
9.2887e+05 6.0477e+05 3.0780e+03 -4.9815e+00
9.3251e+05 6.0589e+05 3.0440e+03 -7.5448e+00
9.3277e+05 6.0525e+05 3.0230e+03 -7.1757e+00
9.3318e+05 6.0463e+05 3.0060e+03 -7.1369e+00
9.3309e+05 6.0346e+05 3.0100e+03 -7.7369e+00
9.3284e+05 6.0252e+05 3.0110e+03 -6.5843e+00
9.3326e+05 6.0193e+05 3.0470e+03 -7.5763e+00
9.3336e+05 6.0117e+05 3.0590e+03 -6.4679e+00
9.3358e+05 6.0046e+05 3.1360e+03 -7.7882e+00
9.3379e+05 5.9967e+05 3.1430e+03 -6.5086e+00
9.3389e+05 5.9894e+05 3.1340e+03 -6.1003e+00
9.3331e+05 5.9839e+05 3.0700e+03 -4.0292e+00
9.3297e+05 5.9783e+05 3.1130e+03 -3.2362e+00
9.3331e+05 5.9839e+05 3.0700e+03 -5.0436e+00
9.3299e+05 5.9649e+05 3.2080e+03 -4.4308e+00
9.3334e+05 5.9582e+05 3.2380e+03 -3.2069e+00
9.2105e+05 6.1184e+05 2.5750e+03 -3.4842e+00
9.2217e+05 6.1206e+05 2.4500e+03 -6.2538e+00
9.2320e+05 6.1191e+05 2.8920e+03 -7.3143e+00
9.2477e+05 6.1215e+05 3.2500e+03 -7.0495e-01
9.2547e+05 6.1213e+05 3.4040e+03 -2.2095e+00
9.2619e+05 6.1231e+05 3.5720e+03 -8.4185e+00
9.2690e+05 6.1230e+05 3.6980e+03 -1.0909e+01
9.2760e+05 6.1241e+05 3.9290e+03 -1.6159e+01
9.2832e+05 6.1236e+05 3.7940e+03 -1.4882e+01
9.2959e+05 6.1254e+05 3.8750e+03 -1.7243e+01
9.3041e+05 6.1274e+05 3.8020e+03 -1.5179e+01
9.3099e+05 6.1325e+05 3.7610e+03 -1.2470e+01
9.3173e+05 6.1297e+05 3.7070e+03 -1.1374e+01
9.3232e+05 6.1278e+05 3.6420e+03 -1.0318e+01
9.3291e+05 6.1258e+05 3.5970e+03 -8.8643e+00
9.3408e+05 6.1258e+05 3.4780e+03 -8.2292e+00
9.3437e+05 6.1298e+05 3.4100e+03 -6.1996e+00
9.3569e+05 6.1323e+05 3.3460e+03 -4.2163e+00
9.3640e+05 6.1334e+05 3.2910e+03 -2.4792e+00
9.3720e+05 6.1344e+05 3.2710e+03 -1.1300e+00
9.3776e+05 6.1308e+05 3.2170e+03 -1.2223e-01
9.3829e+05 6.1287e+05 3.1650e+03 1.9334e+00
9.3873e+05 6.1222e+05 3.1180e+03 1.2163e+00
9.3984e+05 6.1234e+05 3.0660e+03 3.5667e+00
9.2797e+05 6.0872e+05 3.3270e+03 -1.2223e+01
9.2788e+05 6.0818e+05 3.2630e+03 -1.0305e+01
9.2782e+05 6.0764e+05 3.2130e+03 -9.9632e+00
9.2769e+05 6.0658e+05 3.1430e+03 -6.8960e+00
9.2731e+05 6.0526e+05 3.1030e+03 -6.0593e+00
9.2701e+05 6.0464e+05 3.0780e+03 -6.7543e+00
9.2751e+05 6.0418e+05 3.0630e+03 -4.6776e+00
9.2765e+05 6.0354e+05 3.0450e+03 -3.0345e+00
9.2789e+05 6.0283e+05 3.0380e+03 1.5126e+00
9.2796e+05 6.0210e+05 3.0280e+03 4.8384e+00
9.2277e+05 5.9993e+05 3.3370e+03 -4.3341e+00
9.2326e+05 5.9941e+05 3.2060e+03 5.3036e-01
9.2409e+05 5.9977e+05 3.1320e+03 3.9311e-01
9.2405e+05 5.9911e+05 3.1370e+03 3.4639e+00
9.2453e+05 5.9858e+05 3.0930e+03 2.3726e+00
9.2516e+05 5.9824e+05 3.0590e+03 2.7494e+00
9.2574e+05 5.9771e+05 3.0460e+03 1.7499e-01
9.2640e+05 5.9753e+05 3.0680e+03 -8.6203e-01
9.2726e+05 5.9809e+05 3.0940e+03 4.1818e+00
9.2876e+05 5.9846e+05 3.1320e+03 6.8315e+00
9.3050e+05 5.9898e+05 3.0920e+03 -2.4143e+00
9.3214e+05 5.9979e+05 3.0870e+03 -4.5622e+00
9.3354e+05 6.0020e+05 3.1470e+03 -7.3528e+00
9.3435e+05 6.0029e+05 3.1410e+03 -7.1577e+00
9.3503e+05 6.0034e+05 3.1510e+03 -8.8069e+00
9.3605e+05 6.0088e+05 3.1600e+03 -7.1441e+00
9.3780e+05 6.0111e+05 3.2890e+03 -1.0486e+01
9.3850e+05 6.0146e+05 3.3540e+03 -1.3378e+01
9.3754e+05 6.1986e+05 2.9450e+03 1.0934e+01
9.3762e+05 6.1884e+05 2.9860e+03 1.0033e+01
9.3755e+05 6.1790e+05 3.0570e+03 9.6885e+00
9.3808e+05 6.1721e+05 3.1410e+03 1.3429e+01
9.3792e+05 6.1569e+05 3.2510e+03 7.8107e+00
9.3830e+05 6.1508e+05 3.2730e+03 5.5321e+00
9.3776e+05 6.1454e+05 3.2790e+03 2.8333e+00
9.3718e+05 6.1424e+05 3.2640e+03 2.2526e+00
9.3752e+05 6.1369e+05 3.2400e+03 1.6350e+00
9.3789e+05 6.1320e+05 3.1940e+03 2.0812e+00
9.3854e+05 6.1171e+05 3.0760e+03 -4.6709e-01
9.3967e+05 6.1132e+05 2.9730e+03 1.7163e+00
9.3931e+05 6.1079e+05 2.9730e+03 1.1056e-01
9.3915e+05 6.0950e+05 2.9580e+03 -1.6816e+00
9.3970e+05 6.0845e+05 2.9390e+03 -1.6270e+00
9.4012e+05 6.0779e+05 2.9000e+03 -1.5973e+00
9.3966e+05 6.0683e+05 2.9430e+03 -1.8550e+00
9.3924e+05 6.0658e+05 2.9750e+03 -3.3217e+00
9.3858e+05 6.0489e+05 3.0530e+03 -6.8648e+00
9.3801e+05 6.0452e+05 3.1150e+03 -8.5456e+00
9.3801e+05 6.0371e+05 3.2660e+03 -1.2237e+01
9.3866e+05 6.0340e+05 3.2430e+03 -9.3743e+00
9.3785e+05 6.0298e+05 3.2090e+03 -8.3972e+00
9.3755e+05 6.0158e+05 3.2490e+03 -8.7104e+00
9.3677e+05 6.0115e+05 3.1820e+03 -7.4615e+00
9.3645e+05 5.9968e+05 3.2060e+03 -1.0196e+01
9.3638e+05 5.9893e+05 3.1610e+03 -9.6806e+00
9.3625e+05 5.9824e+05 3.1500e+03 -8.9722e+00
9.3622e+05 5.9757e+05 3.1730e+03 -9.1598e+00
9.3623e+05 5.9710e+05 3.2170e+03 -9.7848e+00
9.3589e+05 5.9609e+05 3.2310e+03 -6.6923e+00
9.3027e+05 6.0911e+05 3.3870e+03 -1.3445e+01
9.3051e+05 6.0870e+05 3.3200e+03 -1.1634e+01
9.3074e+05 6.0829e+05 3.2770e+03 -1.0952e+01
9.3102e+05 6.0778e+05 3.2150e+03 -7.2267e+00
9.3112e+05 6.0699e+05 3.1720e+03 -5.8045e+00
9.3056e+05 6.0634e+05 3.1120e+03 -6.4772e+00
9.3037e+05 6.0552e+05 3.0720e+03 -6.4431e+00
9.3075e+05 6.0433e+05 3.0300e+03 -6.5099e+00
9.3112e+05 6.0380e+05 3.0160e+03 -5.4233e+00
9.3173e+05 6.0351e+05 3.0100e+03 -6.0534e+00
9.3240e+05 6.0342e+05 3.0060e+03 -6.2783e+00
9.3234e+05 6.0297e+05 3.0060e+03 -6.2977e+00
9.3157e+05 6.0138e+05 3.0260e+03 -3.1438e+00
9.3130e+05 6.0072e+05 3.0670e+03 -3.3290e+00
9.3118e+05 5.9938e+05 3.0840e+03 -4.1419e+00
9.3073e+05 5.9834e+05 3.0990e+03 -2.8347e+00
9.3099e+05 5.9767e+05 3.1480e+03 -2.8681e+00
9.3098e+05 5.9680e+05 3.1940e+03 -9.7784e-01
9.3490e+05 6.2206e+05 2.6590e+03 3.9800e-01
9.3472e+05 6.2145e+05 2.7720e+03 1.7515e+00
9.3439e+05 6.2070e+05 2.8470e+03 8.5615e+00
9.3405e+05 6.2013e+05 2.8190e+03 1.0334e+01
9.3407e+05 6.1942e+05 2.8870e+03 9.3688e+00
9.3425e+05 6.1889e+05 2.8490e+03 1.0795e+01
9.3396e+05 6.1832e+05 2.8730e+03 1.1663e+01
9.3323e+05 6.1798e+05 3.1850e+03 4.8137e-01
9.3275e+05 6.1748e+05 3.2370e+03 -6.8034e-01
9.3227e+05 6.1697e+05 3.3420e+03 -5.7390e+00
9.3184e+05 6.1635e+05 3.3370e+03 -5.9553e+00
9.3154e+05 6.1573e+05 3.3850e+03 -6.2159e+00
9.3109e+05 6.1525e+05 3.5020e+03 -9.8351e+00
9.3107e+05 6.1464e+05 3.7090e+03 -1.4998e+01
9.3162e+05 6.1426e+05 3.7410e+03 -1.3060e+01
9.3196e+05 6.1370e+05 3.7070e+03 -1.1708e+01
9.3263e+05 6.1340e+05 3.7280e+03 -1.2530e+01
9.3349e+05 6.1250e+05 3.5700e+03 -1.0324e+01
9.3408e+05 6.1143e+05 3.2990e+03 -7.9805e+00
9.3352e+05 6.1011e+05 3.2870e+03 -1.0479e+01
9.3333e+05 6.0951e+05 3.1880e+03 -8.0509e+00
9.3354e+05 6.0961e+05 3.2220e+03 -9.4644e+00
9.3353e+05 6.0902e+05 3.1530e+03 -6.6403e+00
9.3297e+05 6.0861e+05 3.1580e+03 -6.6252e+00
9.3298e+05 6.0683e+05 3.0710e+03 -8.1648e+00
9.3348e+05 6.0665e+05 3.0450e+03 -6.1752e+00
9.3396e+05 6.0616e+05 3.0160e+03 -3.4871e+00
9.3431e+05 6.0589e+05 3.0020e+03 -4.8760e+00
9.3471e+05 6.0547e+05 3.0010e+03 -4.6877e+00
9.3516e+05 6.0505e+05 2.9840e+03 -5.9378e+00
9.3552e+05 6.0471e+05 2.9570e+03 -6.7377e+00
9.3507e+05 6.0399e+05 2.9910e+03 -7.6074e+00
9.3466e+05 6.0331e+05 3.0210e+03 -7.8655e+00
9.3477e+05 6.0259e+05 3.1040e+03 -8.9086e+00
9.3481e+05 6.0134e+05 3.0860e+03 -7.8675e+00
9.3446e+05 6.0068e+05 3.1320e+03 -8.1338e+00
9.3468e+05 5.9904e+05 3.1090e+03 -6.5558e+00
9.3616e+05 6.1869e+05 2.7910e+03 1.1455e+01
9.3573e+05 6.1836e+05 3.0150e+03 4.8108e+00
9.3576e+05 6.1779e+05 2.9780e+03 6.8763e+00
9.3545e+05 6.1750e+05 3.0860e+03 4.7806e+00
9.3512e+05 6.1696e+05 3.1780e+03 3.0330e+00
9.3480e+05 6.1645e+05 3.2460e+03 1.8820e+00
9.3447e+05 6.1594e+05 3.3050e+03 2.8338e+00
9.3460e+05 6.1454e+05 3.2440e+03 3.1964e+00
9.3509e+05 6.1420e+05 3.2480e+03 1.0863e+00
9.3495e+05 6.1316e+05 3.3650e+03 -5.1251e+00
9.3434e+05 6.1247e+05 3.3890e+03 -6.2786e+00
9.3461e+05 6.1193e+05 3.3170e+03 -6.2400e+00
9.3491e+05 6.1121e+05 3.2170e+03 -5.9661e+00
9.3508e+05 6.1051e+05 3.1560e+03 -5.1268e+00
9.3601e+05 6.0943e+05 3.0390e+03 -4.6231e+00
9.3665e+05 6.0801e+05 2.9670e+03 -4.6631e+00
9.3694e+05 6.0665e+05 2.9400e+03 -2.3760e+00
9.3682e+05 6.0550e+05 2.9310e+03 -5.0953e+00
9.3719e+05 6.0413e+05 3.2050e+03 -1.1837e+01
9.3671e+05 6.0353e+05 3.1930e+03 -1.1662e+01
9.3690e+05 6.0281e+05 3.1630e+03 -6.7606e+00
9.3606e+05 6.0240e+05 3.1750e+03 -9.3704e+00
9.3574e+05 6.0143e+05 3.1260e+03 -7.1011e+00
9.3595e+05 6.0033e+05 3.1570e+03 -7.8321e+00
9.3591e+05 5.9969e+05 3.1660e+03 -8.4494e+00
9.3535e+05 5.9928e+05 3.1380e+03 -7.3196e+00
9.3599e+05 6.1781e+05 2.8570e+03 1.0348e+01
9.3584e+05 6.1711e+05 2.8840e+03 1.2519e+01
9.3587e+05 6.1653e+05 2.9020e+03 1.2724e+01
9.3660e+05 6.1534e+05 3.1030e+03 1.1709e+01
9.3630e+05 6.1479e+05 3.1140e+03 8.7825e+00
9.3598e+05 6.1435e+05 3.1690e+03 5.8923e+00
9.3652e+05 6.1410e+05 3.2230e+03 2.9582e+00
9.3642e+05 6.1278e+05 3.2470e+03 -2.7711e+00
9.3616e+05 6.1150e+05 3.1800e+03 -3.3342e+00
9.3621e+05 6.1045e+05 3.0610e+03 -2.6894e+00
9.3632e+05 6.0842e+05 2.9910e+03 -4.2013e+00
9.3646e+05 6.0689e+05 2.9650e+03 -3.4212e+00
9.3662e+05 6.0600e+05 2.9300e+03 -4.8040e+00
9.3509e+05 6.1151e+05 3.2980e+03 -7.4927e+00
9.3559e+05 6.1145e+05 3.2370e+03 -5.9029e+00
9.3663e+05 6.1110e+05 3.1290e+03 -3.6908e+00
9.3678e+05 6.1052e+05 3.0640e+03 -3.3016e+00
9.3754e+05 6.1070e+05 3.0450e+03 -3.8357e+00
9.3793e+05 6.1026e+05 3.0270e+03 -4.0846e+00
9.3825e+05 6.0985e+05 3.0030e+03 -3.8629e+00
9.3941e+05 6.0891e+05 2.9630e+03 -1.5752e+00
9.3539e+05 6.0915e+05 3.0720e+03 -4.4483e+00
9.3588e+05 6.0886e+05 3.0260e+03 -3.7852e+00
9.3715e+05 6.0766e+05 2.9510e+03 -3.9622e+00
9.3776e+05 6.0745e+05 2.9390e+03 -4.2571e+00
9.3842e+05 6.0760e+05 2.9120e+03 -2.7917e+00
9.4002e+05 6.0727e+05 2.8890e+03 -1.6943e+00
9.3263e+05 6.0895e+05 3.1980e+03 -5.7646e+00
9.3304e+05 6.0866e+05 3.1520e+03 -6.7709e+00
9.3428e+05 6.0821e+05 3.0780e+03 -4.0658e+00
9.3474e+05 6.0789e+05 3.0400e+03 -3.8345e+00
9.3528e+05 6.0784e+05 3.0170e+03 -4.4991e+00
9.3560e+05 6.0746e+05 2.9950e+03 -3.9309e+00
9.3603e+05 6.0716e+05 2.9740e+03 -3.5351e+00
9.3746e+05 6.0663e+05 2.8980e+03 -1.7041e+00
9.3833e+05 6.0617e+05 2.9600e+03 -5.9580e+00
9.3895e+05 6.0606e+05 2.9730e+03 -4.7479e+00
9.2515e+05 6.0566e+05 3.1070e+03 -7.7853e+00
9.2743e+05 6.0593e+05 3.1170e+03 -5.5578e+00
9.2824e+05 6.0612e+05 3.1130e+03 -4.6657e+00
9.2959e+05 6.0575e+05 3.1090e+03 -6.2134e+00
9.3084e+05 6.0572e+05 3.0650e+03 -6.7380e+00
9.3251e+05 6.0589e+05 3.0440e+03 -8.3115e+00
9.3431e+05 6.0639e+05 3.0160e+03 -4.2670e+00
9.3490e+05 6.0603e+05 2.9990e+03 -3.8345e+00
9.3535e+05 6.0624e+05 2.9900e+03 -4.0812e+00
9.3588e+05 6.0605e+05 2.9800e+03 -4.2063e+00
9.3736e+05 6.0548e+05 2.9150e+03 -5.2838e+00
9.3802e+05 6.0568e+05 2.9370e+03 -6.1209e+00
9.3895e+05 6.0548e+05 3.0070e+03 -5.9801e+00
9.3728e+05 6.1207e+05 3.2140e+03 -2.9957e+00
9.3782e+05 6.1183e+05 3.1850e+03 -2.7959e+00
9.3804e+05 6.1124e+05 3.0580e+03 -1.4678e+00
9.3827e+05 6.1085e+05 3.0420e+03 -2.8568e+00
9.3874e+05 6.1038e+05 3.0060e+03 -2.3138e+00
9.3913e+05 6.1020e+05 2.9850e+03 -1.8250e+00
9.3447e+05 6.1526e+05 3.0550e+03 1.1444e+01
9.3514e+05 6.1543e+05 2.9900e+03 8.9856e+00
9.3559e+05 6.1574e+05 2.9410e+03 1.2533e+01
9.3614e+05 6.1586e+05 3.0400e+03 1.3964e+01
9.3777e+05 6.1644e+05 3.2070e+03 1.1197e+01
9.2169e+05 6.1128e+05 2.7920e+03 -8.1740e+00
9.2230e+05 6.1093e+05 2.8820e+03 -8.4351e+00
9.2230e+05 6.1034e+05 2.9630e+03 -7.9051e+00
9.2276e+05 6.0966e+05 3.0400e+03 -8.1878e+00
9.2311e+05 6.0901e+05 3.0980e+03 -8.4453e+00
9.2289e+05 6.0793e+05 3.2250e+03 -6.6443e+00
9.2224e+05 6.0784e+05 3.2780e+03 -6.1794e+00
9.2321e+05 6.1248e+05 2.8750e+03 -5.7611e+00
9.2373e+05 6.1154e+05 2.9770e+03 -4.8735e+00
9.2431e+05 6.1099e+05 2.9610e+03 -9.3543e+00
9.2405e+05 6.1055e+05 3.0200e+03 -1.0026e+01
9.2449e+05 6.1022e+05 3.0890e+03 -9.3345e+00
9.2381e+05 6.0993e+05 2.9720e+03 -7.5308e+00
9.2396e+05 6.0923e+05 3.0570e+03 -6.7703e+00
9.2422e+05 6.0865e+05 3.0560e+03 -4.5302e+00
9.2383e+05 6.0864e+05 3.1060e+03 -6.1611e+00
9.2917e+05 6.0809e+05 3.2960e+03 -1.1749e+01
9.2925e+05 6.0757e+05 3.2460e+03 -9.6391e+00
9.2937e+05 6.0702e+05 3.1800e+03 -8.5614e+00
9.2876e+05 6.0611e+05 3.1170e+03 -5.8303e+00
9.2911e+05 6.0539e+05 3.0920e+03 -4.6201e+00
9.2887e+05 6.0477e+05 3.0780e+03 -4.3127e+00
9.2966e+05 6.0506e+05 3.0820e+03 -6.1056e+00
9.3001e+05 6.0442e+05 3.0460e+03 -4.9369e+00
9.2931e+05 6.0419e+05 3.0650e+03 -4.4820e+00
9.2396e+05 6.0426e+05 3.1830e+03 -8.6065e+00
9.2365e+05 6.0385e+05 3.2300e+03 -9.3207e+00
9.2334e+05 6.0372e+05 3.2960e+03 -1.0600e+01
9.2413e+05 6.0306e+05 3.2450e+03 -9.8966e+00
9.2455e+05 6.0243e+05 3.2520e+03 -9.5315e+00
9.2455e+05 6.0180e+05 3.2030e+03 -6.9816e+00
9.2509e+05 6.0139e+05 3.1150e+03 -4.0322e+00
9.2592e+05 6.0164e+05 3.0480e+03 -1.2952e+00
9.2653e+05 6.0208e+05 3.0310e+03 -9.6306e-01
9.2641e+05 6.0119e+05 3.0250e+03 1.8966e+00
9.2302e+05 6.0141e+05 3.4040e+03 -1.0473e+01
9.2410e+05 6.0085e+05 3.2400e+03 -5.7503e+00
9.2499e+05 6.0029e+05 3.1020e+03 1.2003e+00
9.2549e+05 6.0023e+05 3.0520e+03 3.6027e+00
9.2591e+05 6.0069e+05 3.0320e+03 1.8693e+00
9.2639e+05 6.0053e+05 3.0250e+03 5.4029e+00
9.2727e+05 5.9956e+05 3.0170e+03 4.9885e+00
9.2808e+05 5.9846e+05 3.1010e+03 6.3032e+00
9.2838e+05 5.9774e+05 3.1660e+03 5.4619e+00
9.2997e+05 5.9776e+05 3.1390e+03 1.2611e+00
9.3031e+05 5.9715e+05 3.1640e+03 8.6464e-01
