9.2130e+05 5.9745e+05 3.2620e+03 -1.2118e+00
9.2238e+05 5.9683e+05 3.1690e+03 2.8764e+00
9.2238e+05 5.9558e+05 3.1300e+03 -1.2372e+00
9.2130e+05 5.9495e+05 3.1380e+03 -8.0303e-01
9.2022e+05 5.9558e+05 3.2660e+03 -3.1529e-01
9.2022e+05 5.9683e+05 3.3170e+03 -1.5253e+00
9.2130e+05 5.9995e+05 3.5760e+03 -7.1828e+00
9.2238e+05 5.9933e+05 3.3080e+03 -1.6636e+00
9.2238e+05 5.9808e+05 3.1980e+03 1.7959e+00
9.2022e+05 5.9808e+05 3.5390e+03 -1.9594e+00
9.2022e+05 5.9933e+05 3.6010e+03 -2.2929e+00
9.2130e+05 6.0245e+05 3.5900e+03 -9.4059e+00
9.2238e+05 6.0183e+05 3.5840e+03 -1.3674e+01
9.2238e+05 6.0058e+05 3.3720e+03 -5.9337e+00
9.2022e+05 6.0058e+05 3.6350e+03 -2.8944e+00
9.2022e+05 6.0183e+05 3.6210e+03 -3.9603e+00
9.2130e+05 6.0495e+05 3.7170e+03 -1.0739e+01
9.2238e+05 6.0433e+05 3.4220e+03 -1.2168e+01
9.2238e+05 6.0308e+05 3.3450e+03 -8.2137e+00
9.2022e+05 6.0308e+05 3.7310e+03 -4.7517e+00
9.2022e+05 6.0433e+05 3.4190e+03 -3.0887e+00
9.2130e+05 6.0745e+05 3.2660e+03 -4.3278e+00
9.2238e+05 6.0683e+05 3.3820e+03 -9.1462e+00
9.2238e+05 6.0558e+05 3.5240e+03 -1.2559e+01
9.2022e+05 6.0558e+05 3.2070e+03 -2.0708e+00
9.2022e+05 6.0683e+05 3.1060e+03 -1.7387e+00
9.2130e+05 6.0995e+05 2.9320e+03 -5.1481e+00
9.2238e+05 6.0933e+05 3.1000e+03 -7.6371e+00
9.2238e+05 6.0808e+05 3.2420e+03 -5.2644e+00
9.2022e+05 6.0808e+05 2.8160e+03 -1.7579e+00
9.2022e+05 6.0933e+05 2.8060e+03 -1.6196e+00
9.2130e+05 6.1245e+05 2.3650e+03 -3.0310e+00
9.2238e+05 6.1183e+05 2.5210e+03 -8.9498e+00
9.2238e+05 6.1058e+05 2.9090e+03 -8.4143e+00
9.2022e+05 6.1058e+05 2.8840e+03 -2.3915e+00
9.2022e+05 6.1183e+05 2.6630e+03 -1.4360e+00
9.2130e+05 6.1495e+05 2.8460e+03 -5.8501e+00
9.2238e+05 6.1433e+05 2.5150e+03 -6.3851e+00
9.2238e+05 6.1308e+05 2.6810e+03 -7.1249e+00
9.2022e+05 6.1308e+05 2.2570e+03 -5.0340e-01
9.2022e+05 6.1433e+05 2.7560e+03 -2.8994e+00
9.2130e+05 6.1745e+05 3.2060e+03 -9.1794e+00
9.2238e+05 6.1683e+05 3.1010e+03 -1.0961e+01
9.2238e+05 6.1558e+05 2.9050e+03 -9.3117e+00
9.2022e+05 6.1558e+05 2.8470e+03 -2.5132e+00
9.2022e+05 6.1683e+05 3.1310e+03 -3.3106e+00
9.2130e+05 6.1995e+05 3.6790e+03 -1.4181e+01
9.2238e+05 6.1933e+05 3.6190e+03 -1.8009e+01
9.2238e+05 6.1808e+05 3.3850e+03 -1.6078e+01
9.2022e+05 6.1808e+05 3.5080e+03 -4.4285e+00
9.2022e+05 6.1933e+05 3.5920e+03 -4.7898e+00
9.2346e+05 5.9870e+05 3.1500e+03 1.8419e+00
9.2455e+05 5.9808e+05 3.0710e+03 4.8583e+00
9.2455e+05 5.9683e+05 3.0700e+03 3.0429e+00
9.2346e+05 5.9620e+05 3.1240e+03 1.7123e+00
9.2346e+05 6.0120e+05 3.3490e+03 -9.5551e+00
9.2455e+05 6.0058e+05 3.1350e+03 -2.1505e+00
9.2455e+05 5.9933e+05 3.1010e+03 1.6134e+00
9.2346e+05 6.0370e+05 3.2570e+03 -9.8009e+00
9.2455e+05 6.0308e+05 3.1810e+03 -7.9404e+00
9.2455e+05 6.0183e+05 3.2120e+03 -6.9449e+00
9.2346e+05 6.0620e+05 3.2140e+03 -8.7804e+00
9.2455e+05 6.0558e+05 3.1400e+03 -8.6602e+00
9.2455e+05 6.0433e+05 3.1470e+03 -9.0824e+00
9.2346e+05 6.0870e+05 3.1070e+03 -6.6010e+00
9.2455e+05 6.0808e+05 3.1090e+03 -5.6606e+00
9.2455e+05 6.0683e+05 3.1600e+03 -9.3118e+00
9.2346e+05 6.1120e+05 2.8300e+03 -9.5815e+00
9.2455e+05 6.1058e+05 3.1020e+03 -8.1754e+00
9.2455e+05 6.0933e+05 3.0920e+03 -6.5551e+00
9.2346e+05 6.1370e+05 2.9340e+03 -8.8771e+00
9.2455e+05 6.1308e+05 2.8170e+03 -5.4532e+00
9.2455e+05 6.1183e+05 3.1850e+03 1.0923e+00
9.2346e+05 6.1620e+05 2.8350e+03 -9.2865e+00
9.2455e+05 6.1558e+05 2.8780e+03 -7.7599e+00
9.2455e+05 6.1433e+05 2.9030e+03 -8.4668e+00
9.2346e+05 6.1870e+05 3.2770e+03 -1.5358e+01
9.2455e+05 6.1808e+05 3.1510e+03 -1.4241e+01
9.2455e+05 6.1683e+05 3.0240e+03 -8.2748e+00
9.2346e+05 6.2120e+05 3.6410e+03 -1.0470e+01
9.2455e+05 6.2058e+05 3.4950e+03 -1.6603e+01
9.2455e+05 6.1933e+05 3.2810e+03 -1.6164e+01
9.2238e+05 6.2058e+05 3.4420e+03 -1.1768e+01
9.2563e+05 5.9745e+05 3.0450e+03 -3.6667e-01
9.2671e+05 5.9683e+05 3.1030e+03 2.1049e+00
9.2671e+05 5.9558e+05 3.1430e+03 7.5313e-01
9.2563e+05 5.9495e+05 3.0750e+03 -1.1968e+00
9.2455e+05 5.9558e+05 3.0670e+03 -9.7149e-01
9.2563e+05 5.9995e+05 3.0630e+03 2.4675e+00
9.2671e+05 5.9933e+05 3.0220e+03 5.3223e+00
9.2671e+05 5.9808e+05 3.0540e+03 1.9100e+00
9.2563e+05 6.0245e+05 3.0630e+03 -5.0262e+00
9.2671e+05 6.0183e+05 3.0340e+03 3.3682e-01
9.2671e+05 6.0058e+05 3.0210e+03 5.6050e+00
9.2563e+05 6.0495e+05 3.1060e+03 -8.5712e+00
9.2671e+05 6.0433e+05 3.0700e+03 -6.4300e+00
9.2671e+05 6.0308e+05 3.0430e+03 -4.0734e+00
9.2563e+05 6.0745e+05 3.1590e+03 -9.8139e+00
9.2671e+05 6.0683e+05 3.1560e+03 -9.2815e+00
9.2671e+05 6.0558e+05 3.0970e+03 -6.7358e+00
9.2563e+05 6.0995e+05 3.2650e+03 -5.8842e+00
9.2671e+05 6.0933e+05 3.3120e+03 -1.1725e+01
9.2671e+05 6.0808e+05 3.2160e+03 -9.6873e+00
9.2563e+05 6.1245e+05 3.3120e+03 1.9671e+00
9.2671e+05 6.1183e+05 3.5970e+03 -7.6931e+00
9.2671e+05 6.1058e+05 3.4030e+03 -6.4140e+00
9.2563e+05 6.1495e+05 3.4350e+03 -1.2035e+01
9.2671e+05 6.1433e+05 3.4580e+03 -7.0513e+00
9.2671e+05 6.1308e+05 3.4650e+03 -5.7699e+00
9.2563e+05 6.1745e+05 3.1730e+03 -1.2171e+01
9.2671e+05 6.1683e+05 3.3730e+03 -1.4728e+01
9.2671e+05 6.1558e+05 3.6000e+03 -1.6776e+01
9.2563e+05 6.1995e+05 3.4760e+03 -2.0332e+01
9.2671e+05 6.1933e+05 3.2500e+03 -1.6166e+01
9.2671e+05 6.1808e+05 3.2510e+03 -1.5284e+01
9.2779e+05 5.9870e+05 3.0660e+03 7.3071e+00
9.2888e+05 5.9808e+05 3.1470e+03 7.1827e+00
9.2888e+05 5.9683e+05 3.1700e+03 4.7853e+00
9.2779e+05 5.9620e+05 3.1840e+03 1.3563e+00
9.2779e+05 6.0120e+05 3.0260e+03 6.7013e+00
9.2888e+05 6.0058e+05 3.0160e+03 3.0114e+00
9.2888e+05 5.9933e+05 3.0640e+03 5.4996e+00
9.2779e+05 6.0370e+05 3.0530e+03 -1.7282e+00
9.2888e+05 6.0308e+05 3.0430e+03 -4.0134e-01
9.2888e+05 6.0183e+05 3.0230e+03 1.3926e+00
9.2779e+05 6.0620e+05 3.1180e+03 -5.9106e+00
9.2888e+05 6.0558e+05 3.0950e+03 -4.0955e+00
9.2888e+05 6.0433e+05 3.0670e+03 -3.4376e+00
9.2779e+05 6.0870e+05 3.3080e+03 -1.1304e+01
9.2888e+05 6.0808e+05 3.3000e+03 -1.1327e+01
9.2888e+05 6.0683e+05 3.1780e+03 -8.0891e+00
9.2779e+05 6.1120e+05 3.7260e+03 -1.5183e+01
9.2888e+05 6.1058e+05 3.6040e+03 -1.6193e+01
9.2888e+05 6.0933e+05 3.4330e+03 -1.4406e+01
9.2779e+05 6.1370e+05 3.7650e+03 -1.7372e+01
9.2888e+05 6.1308e+05 3.8190e+03 -1.5464e+01
9.2888e+05 6.1183e+05 3.9840e+03 -2.0579e+01
9.2779e+05 6.1620e+05 3.5410e+03 -1.7092e+01
9.2888e+05 6.1558e+05 3.8180e+03 -2.0495e+01
9.2888e+05 6.1433e+05 3.7040e+03 -1.6076e+01
9.2779e+05 6.1870e+05 3.3360e+03 -1.7186e+01
9.2888e+05 6.1808e+05 3.3770e+03 -1.5586e+01
9.2888e+05 6.1683e+05 3.5610e+03 -1.7617e+01
9.2779e+05 6.2120e+05 3.4940e+03 -1.0039e+01
9.2888e+05 6.2058e+05 3.4520e+03 -1.4372e+01
9.2888e+05 6.1933e+05 3.3430e+03 -1.5810e+01
9.2671e+05 6.2058e+05 3.4680e+03 -1.6983e+01
9.2996e+05 5.9745e+05 3.1220e+03 2.1575e+00
9.3104e+05 5.9683e+05 3.2030e+03 -1.9520e+00
9.3104e+05 5.9558e+05 3.1320e+03 -8.4625e-01
9.2996e+05 5.9495e+05 3.1860e+03 -3.6878e-01
9.2888e+05 5.9558e+05 3.1550e+03 3.7617e-01
9.2996e+05 5.9995e+05 3.0410e+03 -1.6623e-01
9.3104e+05 5.9933e+05 3.0840e+03 -4.2923e+00
9.3104e+05 5.9808e+05 3.1000e+03 -3.0429e+00
9.2996e+05 6.0245e+05 3.0100e+03 -2.6263e+00
9.3104e+05 6.0183e+05 3.0070e+03 -3.3144e+00
9.3104e+05 6.0058e+05 3.0250e+03 -2.7375e+00
9.2996e+05 6.0495e+05 3.0740e+03 -5.7325e+00
9.3104e+05 6.0433e+05 3.0300e+03 -6.2379e+00
9.3104e+05 6.0308e+05 3.0080e+03 -5.0994e+00
9.2996e+05 6.0745e+05 3.2180e+03 -8.7043e+00
9.3104e+05 6.0683e+05 3.1540e+03 -5.7366e+00
9.3104e+05 6.0558e+05 3.0530e+03 -7.3802e+00
9.2996e+05 6.0995e+05 3.5200e+03 -1.5878e+01
9.3104e+05 6.0933e+05 3.3520e+03 -1.2643e+01
9.3104e+05 6.0808e+05 3.2350e+03 -8.9273e+00
9.2996e+05 6.1245e+05 3.8260e+03 -1.7191e+01
9.3104e+05 6.1183e+05 3.7660e+03 -1.7127e+01
9.3104e+05 6.1058e+05 3.5260e+03 -1.4934e+01
9.2996e+05 6.1495e+05 3.3310e+03 -6.3303e+00
9.3104e+05 6.1433e+05 3.6170e+03 -1.1422e+01
9.3104e+05 6.1308e+05 3.7340e+03 -1.2053e+01
9.2996e+05 6.1745e+05 3.3250e+03 -1.1577e+01
9.3104e+05 6.1683e+05 2.9700e+03 7.2878e-01
9.3104e+05 6.1558e+05 3.3470e+03 -5.9486e+00
9.2996e+05 6.1995e+05 3.0800e+03 -8.8471e+00
9.3104e+05 6.1933e+05 3.1480e+03 -9.6914e+00
9.3104e+05 6.1808e+05 3.0130e+03 -3.9342e+00
9.3212e+05 5.9870e+05 3.0950e+03 -3.5545e+00
9.3321e+05 5.9808e+05 3.1030e+03 -4.1255e+00
9.3321e+05 5.9683e+05 3.1930e+03 -5.1657e+00
9.3212e+05 5.9620e+05 3.1750e+03 -2.6098e+00
9.3104e+05 5.9683e+05 3.2030e+03 -1.9754e+00
9.3104e+05 5.9808e+05 3.1000e+03 -2.9011e+00
9.3212e+05 6.0120e+05 3.0280e+03 -3.9504e+00
9.3321e+05 6.0058e+05 3.0940e+03 -5.8833e+00
9.3321e+05 5.9933e+05 3.1300e+03 -5.5013e+00
9.3104e+05 5.9933e+05 3.0840e+03 -4.0251e+00
9.3104e+05 6.0058e+05 3.0250e+03 -2.2042e+00
9.3212e+05 6.0370e+05 3.0040e+03 -5.9781e+00
9.3321e+05 6.0308e+05 3.0140e+03 -7.9161e+00
9.3321e+05 6.0183e+05 3.0620e+03 -8.5904e+00
9.3104e+05 6.0183e+05 3.0070e+03 -3.0803e+00
9.3104e+05 6.0308e+05 3.0080e+03 -5.2939e+00
9.3212e+05 6.0620e+05 3.0690e+03 -7.8313e+00
9.3321e+05 6.0558e+05 3.0280e+03 -7.0201e+00
9.3321e+05 6.0433e+05 3.0100e+03 -7.6802e+00
9.3104e+05 6.0433e+05 3.0300e+03 -6.2070e+00
9.3104e+05 6.0558e+05 3.0530e+03 -6.3541e+00
9.3212e+05 6.0870e+05 3.2090e+03 -5.7721e+00
9.3321e+05 6.0808e+05 3.1160e+03 -7.0985e+00
9.3321e+05 6.0683e+05 3.0640e+03 -6.9217e+00
9.3104e+05 6.0683e+05 3.1540e+03 -6.4457e+00
9.3104e+05 6.0808e+05 3.2350e+03 -7.8638e+00
9.3212e+05 6.1120e+05 3.5650e+03 -1.4496e+01
9.3321e+05 6.1058e+05 3.3130e+03 -9.7450e+00
9.3321e+05 6.0933e+05 3.1710e+03 -6.0205e+00
9.3104e+05 6.0933e+05 3.3520e+03 -1.1942e+01
9.3104e+05 6.1058e+05 3.5260e+03 -1.5563e+01
9.3212e+05 6.1370e+05 3.6840e+03 -1.0622e+01
9.3321e+05 6.1308e+05 3.6490e+03 -1.0575e+01
9.3321e+05 6.1183e+05 3.5090e+03 -1.0320e+01
9.3104e+05 6.1183e+05 3.7660e+03 -1.7767e+01
9.3104e+05 6.1308e+05 3.7340e+03 -1.1801e+01
9.3212e+05 6.1620e+05 3.1650e+03 2.8982e+00
9.3321e+05 6.1558e+05 3.4130e+03 1.0623e+00
9.3321e+05 6.1433e+05 3.3740e+03 7.8737e-01
9.3104e+05 6.1433e+05 3.6170e+03 -1.1099e+01
9.3104e+05 6.1558e+05 3.3470e+03 -5.8919e+00
9.3212e+05 6.1870e+05 2.7410e+03 4.6729e+00
9.3321e+05 6.1808e+05 3.1640e+03 1.8262e+00
9.3321e+05 6.1683e+05 3.0820e+03 1.0566e+01
9.3104e+05 6.1683e+05 2.9700e+03 -5.5254e-01
9.3104e+05 6.1808e+05 3.0130e+03 -3.9361e+00
9.3212e+05 6.2120e+05 2.6850e+03 1.2178e+00
9.3321e+05 6.2058e+05 2.6490e+03 6.3911e+00
9.3321e+05 6.1933e+05 2.6590e+03 1.0382e+01
9.3104e+05 6.1933e+05 3.1480e+03 -8.9346e+00
9.3104e+05 6.2058e+05 2.8820e+03 -1.8392e+00
9.3429e+05 5.9745e+05 3.0870e+03 -4.3586e+00
9.3537e+05 5.9683e+05 3.1310e+03 -6.6089e+00
9.3537e+05 5.9558e+05 3.1510e+03 -2.5396e+00
9.3429e+05 5.9495e+05 3.1150e+03 -7.5059e-01
9.3321e+05 5.9558e+05 3.2260e+03 -2.6142e+00
9.3429e+05 5.9995e+05 3.1330e+03 -6.4336e+00
9.3537e+05 5.9933e+05 3.1390e+03 -7.1495e+00
9.3537e+05 5.9808e+05 3.1200e+03 -6.6112e+00
9.3429e+05 6.0245e+05 3.1070e+03 -1.0602e+01
9.3537e+05 6.0183e+05 3.1390e+03 -7.7544e+00
9.3537e+05 6.0058e+05 3.1340e+03 -7.7267e+00
9.3429e+05 6.0495e+05 3.0000e+03 -6.6864e+00
9.3537e+05 6.0433e+05 2.9850e+03 -7.1193e+00
9.3537e+05 6.0308e+05 3.0810e+03 -6.9344e+00
9.3429e+05 6.0745e+05 3.0440e+03 -4.8218e+00
9.3537e+05 6.0683e+05 2.9950e+03 -3.7590e+00
9.3537e+05 6.0558e+05 2.9860e+03 -5.5654e+00
9.3429e+05 6.0995e+05 3.2110e+03 -9.0332e+00
9.3537e+05 6.0933e+05 3.0340e+03 -3.1150e+00
9.3537e+05 6.0808e+05 3.0080e+03 -3.7266e+00
9.3429e+05 6.1245e+05 3.3980e+03 -7.0096e+00
9.3537e+05 6.1183e+05 3.2370e+03 -5.1032e+00
9.3537e+05 6.1058e+05 3.1120e+03 -3.3715e+00
9.3429e+05 6.1495e+05 3.1550e+03 9.6568e+00
9.3537e+05 6.1433e+05 3.2050e+03 3.5385e+00
9.3537e+05 6.1308e+05 3.3320e+03 -5.0412e+00
9.3429e+05 6.1745e+05 3.0350e+03 8.9754e+00
9.3537e+05 6.1683e+05 2.9920e+03 9.3866e+00
9.3537e+05 6.1558e+05 3.0070e+03 8.0585e+00
9.3429e+05 6.1995e+05 2.8630e+03 9.5550e+00
9.3537e+05 6.1933e+05 2.9150e+03 6.2797e+00
9.3537e+05 6.1808e+05 2.9710e+03 7.0509e+00
9.3645e+05 5.9870e+05 3.1370e+03 -8.3184e+00
9.3754e+05 5.9808e+05 3.2280e+03 -1.2049e+01
9.3754e+05 5.9683e+05 3.1560e+03 -1.0246e+01
9.3645e+05 5.9620e+05 3.1440e+03 -6.6835e+00
9.3645e+05 6.0120e+05 3.1600e+03 -6.8075e+00
9.3754e+05 6.0058e+05 3.2620e+03 -1.0655e+01
9.3754e+05 5.9933e+05 3.2990e+03 -1.2722e+01
9.3645e+05 6.0370e+05 3.1570e+03 -1.0974e+01
9.3754e+05 6.0308e+05 3.1920e+03 -9.0136e+00
9.3754e+05 6.0183e+05 3.3040e+03 -1.0991e+01
9.3645e+05 6.0620e+05 2.9450e+03 -3.0989e+00
9.3754e+05 6.0558e+05 2.9300e+03 -4.6094e+00
9.3754e+05 6.0433e+05 3.2350e+03 -1.2711e+01
9.3645e+05 6.0870e+05 2.9920e+03 -3.7701e+00
9.3754e+05 6.0808e+05 2.9480e+03 -4.3353e+00
9.3754e+05 6.0683e+05 2.8950e+03 -1.8647e+00
9.3645e+05 6.1120e+05 3.1520e+03 -4.6609e+00
9.3754e+05 6.1058e+05 3.0520e+03 -4.0648e+00
9.3754e+05 6.0933e+05 2.9820e+03 -3.3875e+00
9.3645e+05 6.1370e+05 3.2950e+03 -6.8050e-01
9.3754e+05 6.1308e+05 3.2170e+03 -5.4522e-01
9.3754e+05 6.1183e+05 3.2150e+03 -3.5147e+00
9.3645e+05 6.1620e+05 3.0000e+03 1.4761e+01
9.3754e+05 6.1558e+05 3.1890e+03 9.7425e+00
9.3754e+05 6.1433e+05 3.2700e+03 2.5716e+00
9.3645e+05 6.1870e+05 2.6810e+03 1.5211e+01
9.3754e+05 6.1808e+05 3.1200e+03 6.0034e+00
9.3754e+05 6.1683e+05 3.1920e+03 8.8598e+00
9.3645e+05 6.2120e+05 2.6330e+03 3.7515e+00
9.3754e+05 6.2058e+05 2.8560e+03 1.1376e+01
9.3754e+05 6.1933e+05 3.0250e+03 8.0603e+00
9.3537e+05 6.2058e+05 2.6880e+03 9.9119e+00
9.3862e+05 5.9745e+05 3.1610e+03 -1.1538e+01
9.3970e+05 5.9683e+05 3.1400e+03 -9.4865e+00
9.3970e+05 5.9558e+05 3.0760e+03 -2.1898e+00
9.3862e+05 5.9495e+05 3.1130e+03 -1.1297e+00
9.3754e+05 5.9558e+05 3.1080e+03 -2.4331e+00
9.3862e+05 5.9995e+05 3.3260e+03 -1.3285e+01
9.3970e+05 5.9933e+05 3.3800e+03 -1.4100e+01
9.3970e+05 5.9808e+05 3.1860e+03 -1.0984e+01
9.3862e+05 6.0245e+05 3.4730e+03 -1.5331e+01
9.3970e+05 6.0183e+05 3.5510e+03 -1.4206e+01
9.3970e+05 6.0058e+05 3.5390e+03 -1.5647e+01
9.3862e+05 6.0495e+05 3.0460e+03 -7.2778e+00
9.3970e+05 6.0433e+05 3.1600e+03 -5.0257e+00
9.3970e+05 6.0308e+05 3.4600e+03 -1.1232e+01
9.3862e+05 6.0745e+05 2.8860e+03 -2.4323e+00
9.3970e+05 6.0683e+05 2.9390e+03 -2.2860e+00
9.3970e+05 6.0558e+05 3.0300e+03 -2.8817e+00
9.3862e+05 6.0995e+05 2.9560e+03 -2.8305e+00
9.3970e+05 6.0933e+05 2.9340e+03 2.9149e-02
9.3970e+05 6.0808e+05 2.9100e+03 -1.3736e+00
9.3862e+05 6.1245e+05 3.1130e+03 2.5879e+00
9.3970e+05 6.1183e+05 3.0460e+03 3.1432e+00
9.3970e+05 6.1058e+05 2.9500e+03 1.4482e+00
9.3862e+05 6.1495e+05 3.3150e+03 3.3781e+00
9.3970e+05 6.1433e+05 3.2010e+03 5.9299e+00
9.3970e+05 6.1308e+05 3.1040e+03 5.4948e+00
9.3862e+05 6.1745e+05 3.1360e+03 1.3978e+01
9.3970e+05 6.1683e+05 3.3310e+03 5.9772e+00
9.3970e+05 6.1558e+05 3.4590e+03 7.1161e-01
9.3862e+05 6.1995e+05 3.1520e+03 8.9654e+00
9.3970e+05 6.1933e+05 3.5790e+03 -2.4798e+00
9.3970e+05 6.1808e+05 3.2120e+03 7.3603e+00
