921300.000000 596200.000000 3390.200000 -2.832800
921300.000000 600200.000000 3632.000000 -2.960000
921300.000000 604440.000000 3793.200000 -2.704600
921300.000000 608430.000000 3229.000000 -4.121400
921300.000000 612670.000000 2745.400000 -1.606300
921300.000000 616670.000000 3309.600000 -2.670100
921300.000000 620910.000000 3551.400000 -3.136200
924600.000000 596200.000000 3229.000000 23.830000
924600.000000 600200.000000 3309.600000 -10.123000
924600.000000 604440.000000 3309.600000 -10.071000
924600.000000 608430.000000 3309.600000 -4.711000
924600.000000 612670.000000 3309.600000 -17.926000
924600.000000 616670.000000 3309.600000 -8.220500
924600.000000 620910.000000 3632.000000 -6.374700
927710.000000 596200.000000 3390.200000 34.217000
927710.000000 600200.000000 3229.000000 5.361500
927710.000000 604440.000000 3229.000000 -6.428500
927710.000000 608430.000000 3390.200000 -4.949200
927710.000000 612670.000000 3954.400000 -8.881800
927710.000000 616670.000000 3632.000000 -13.535000
927710.000000 620910.000000 3632.000000 -13.353000
931010.000000 596200.000000 3309.600000 39.008000
931010.000000 600200.000000 3229.000000 -5.138200
931010.000000 604440.000000 3229.000000 0.675970
931010.000000 608430.000000 3390.200000 1.354200
931010.000000 612670.000000 3793.200000 -13.608000
931010.000000 616670.000000 3309.600000 -16.824000
931010.000000 620910.000000 3148.400000 -24.898000
934120.000000 596200.000000 3390.200000 26.303000
934120.000000 600200.000000 3309.600000 -4.327600
934120.000000 604440.000000 3229.000000 2.167600
934120.000000 608430.000000 3309.600000 0.725910
934120.000000 612670.000000 3632.000000 -4.997300
934120.000000 616670.000000 3309.600000 -13.997000
934120.000000 620910.000000 2826.000000 -53.238000
937430.000000 596200.000000 3309.600000 22.736000
937430.000000 600200.000000 3390.200000 3.307600
937430.000000 604440.000000 3390.200000 7.488800
937430.000000 608430.000000 3148.400000 1.368000
937430.000000 612670.000000 3390.200000 -3.556100
937430.000000 616670.000000 3309.600000 -15.925000
937430.000000 620910.000000 2987.200000 -65.620000
940540.000000 596200.000000 3309.600000 8.687500
940540.000000 600200.000000 3632.000000 -0.488380
940540.000000 604440.000000 3390.200000 5.052000
940540.000000 608430.000000 3148.400000 -0.516520
940540.000000 612670.000000 3229.000000 -7.292700
940540.000000 616670.000000 3632.000000 -9.237000
940540.000000 620910.000000 3551.400000 -16.476000
