927710.000000 607430.000000 3390.200000 -4.307100
937230.000000 616420.000000 3309.600000 -13.720000
939180.000000 600200.000000 3470.800000 3.316600
924410.000000 617420.000000 3229.000000 -8.954500
925770.000000 599450.000000 3229.000000 -20.864000
932960.000000 604440.000000 3229.000000 2.866600
927910.000000 614670.000000 3793.200000 -14.088000
922460.000000 609430.000000 3309.600000 -4.572400
939180.000000 609180.000000 3148.400000 -0.436050
932380.000000 616920.000000 3390.200000 -19.674000
922660.000000 603190.000000 3632.000000 -8.308900
932180.000000 599700.000000 3309.600000 -7.716600
936070.000000 604940.000000 3148.400000 10.030000
934120.000000 610680.000000 3470.800000 -3.398400
923050.000000 597200.000000 3309.600000 -13.519000
939370.000000 619910.000000 3470.800000 -20.464000
930040.000000 612670.000000 3873.800000 -13.867000
926740.000000 612420.000000 3632.000000 -10.260000
925770.000000 619910.000000 3470.800000 -7.622600
922850.000000 612420.000000 2987.200000 -27.091000
936460.000000 598200.000000 3309.600000 1.882700
925960.000000 604690.000000 3309.600000 -11.422000
924800.000000 607430.000000 3309.600000 -7.142800
928680.000000 619660.000000 3551.400000 -17.438000
926930.000000 597200.000000 3309.600000 -5.840200
932760.000000 613670.000000 3793.200000 -8.294200
939180.000000 603440.000000 3470.800000 3.566000
936650.000000 619410.000000 2906.600000 -31.986000
929270.000000 604690.000000 3229.000000 -1.339300
931600.000000 609930.000000 3470.800000 -3.967200
934320.000000 601190.000000 3309.600000 -3.139800
939180.000000 611930.000000 3229.000000 -6.451600
931010.000000 602190.000000 3229.000000 -0.730390
939370.000000 617170.000000 3390.200000 -12.709000
922660.000000 599950.000000 3470.800000 -12.347000
934120.000000 619660.000000 3148.400000 -35.218000
936460.000000 607930.000000 3148.400000 4.266600
936840.000000 601940.000000 3309.600000 3.357600
924990.000000 614670.000000 3148.400000 -11.813000
930040.000000 616170.000000 3551.400000 -12.085000
933930.000000 597450.000000 3309.600000 7.023500
929070.000000 599700.000000 3229.000000 -13.208000
939180.000000 597450.000000 3309.600000 7.793000
934710.000000 616420.000000 3470.800000 -16.010000
922460.000000 619660.000000 3793.200000 -8.158800
928680.000000 609930.000000 3551.400000 -6.553200
930820.000000 606930.000000 3309.600000 1.527900
936650.000000 610680.000000 3229.000000 -2.156100
922660.000000 606190.000000 3551.400000 -5.394700
924990.000000 601940.000000 3309.600000 -8.938600
925380.000000 610180.000000 3390.200000 0.183090
939180.000000 614420.000000 3390.200000 -2.672100
922270.000000 615920.000000 3067.800000 -5.403400
927910.000000 602190.000000 3229.000000 -3.550300
939180.000000 606190.000000 3229.000000 10.157000
927130.000000 617170.000000 3551.400000 -11.616000
936070.000000 613420.000000 3470.800000 -8.693200
933740.000000 607430.000000 3229.000000 3.366100
931210.000000 619660.000000 3390.200000 -24.939000
930630.000000 597200.000000 3309.600000 11.309000
