936460.000000 620410.000000 2906.600000 -44.007000
935290.000000 612180.000000 3470.800000 -3.652700
935100.000000 612180.000000 3470.800000 -7.194000
939760.000000 617920.000000 3390.200000 -14.657000
936840.000000 617920.000000 3067.800000 -20.119000
933540.000000 613170.000000 3712.600000 -10.590000
937040.000000 616920.000000 3148.400000 -17.378000
940340.000000 609680.000000 3148.400000 -4.969200
932760.000000 620410.000000 2987.200000 -39.089000
940540.000000 616170.000000 3551.400000 -11.948000
932760.000000 613920.000000 3793.200000 -8.891600
931790.000000 620160.000000 3309.600000 -30.794000
929850.000000 618420.000000 3632.000000 -18.438000
929460.000000 618660.000000 3551.400000 -16.668000
927520.000000 614670.000000 3712.600000 -12.984000
922850.000000 610930.000000 3229.000000 -6.260900
927710.000000 612670.000000 3954.400000 -8.881800
925770.000000 613670.000000 3470.800000 -15.071000
925770.000000 610180.000000 3390.200000 1.888600
929850.000000 602690.000000 3229.000000 5.916000
929650.000000 602940.000000 3229.000000 3.339300
928880.000000 608430.000000 3470.800000 0.590260
930630.000000 608430.000000 3390.200000 1.529900
930630.000000 602690.000000 3229.000000 2.049000
925380.000000 601190.000000 3229.000000 -9.201800
926550.000000 598450.000000 3229.000000 -18.785000
928680.000000 598950.000000 3309.600000 -10.969000
925960.000000 606430.000000 3309.600000 -9.104300
930040.000000 601190.000000 3229.000000 -2.754100
929650.000000 601190.000000 3229.000000 -3.440800
926550.000000 596200.000000 3309.600000 26.603000
927710.000000 606930.000000 3309.600000 -3.829400
926740.000000 600690.000000 3229.000000 -7.361500
926550.000000 604440.000000 3309.600000 -10.348000
923820.000000 602190.000000 3551.400000 -7.641000
928880.000000 599450.000000 3229.000000 -10.766000
927130.000000 603190.000000 3229.000000 -9.304600
924990.000000 606190.000000 3309.600000 -9.113500
928680.000000 602440.000000 3229.000000 5.831600
928290.000000 607180.000000 3309.600000 2.133000
922080.000000 601690.000000 3712.600000 -5.656000
925380.000000 599450.000000 3229.000000 -23.377000
925960.000000 601440.000000 3229.000000 -9.745800
930240.000000 599200.000000 3309.600000 -8.437600
922850.000000 596200.000000 3309.600000 5.877600
923240.000000 605690.000000 3551.400000 -4.012200
926350.000000 600690.000000 3229.000000 -11.908000
923630.000000 605940.000000 3470.800000 -8.163900
923050.000000 596950.000000 3309.600000 -9.038000
922660.000000 600690.000000 3551.400000 -7.572600
927320.000000 598950.000000 3229.000000 -9.656900
925960.000000 603190.000000 3229.000000 -7.300700
930040.000000 603940.000000 3229.000000 -1.362200
924990.000000 602440.000000 3309.600000 -11.097000
930430.000000 598450.000000 3309.600000 -3.438800
937620.000000 607680.000000 3148.400000 5.304600
938400.000000 604940.000000 3309.600000 7.720100
932180.000000 598950.000000 3309.600000 -2.948900
933740.000000 604940.000000 3229.000000 6.432400
938210.000000 605440.000000 3229.000000 7.199900
