928680.000000 607680.000000 3387.200000 -10.060000
938010.000000 615920.000000 3387.200000 -3.581100
938590.000000 599950.000000 3467.800000 4.417400
928680.000000 616670.000000 3709.600000 7.938500
926740.000000 598200.000000 3226.000000 -6.943100
922660.000000 612180.000000 2823.000000 -2.687200
932380.000000 607930.000000 3306.600000 -13.182000
923630.000000 604190.000000 3467.800000 7.666800
937040.000000 605190.000000 3226.000000 -5.479400
929850.000000 603190.000000 3226.000000 -15.302000
921880.000000 620160.000000 3709.600000 17.300000
935290.000000 598450.000000 3306.600000 -5.165100
938590.000000 609680.000000 3145.400000 -21.152000
934900.000000 620410.000000 3064.800000 -3.303600
929460.000000 613170.000000 3870.800000 -5.959700
923240.000000 596700.000000 3306.600000 2.244300
924410.000000 608180.000000 3306.600000 -1.103000
933740.000000 613170.000000 3709.600000 -5.727500
930430.000000 598450.000000 3306.600000 -17.840000
938790.000000 618910.000000 3467.800000 7.421200
930820.000000 619160.000000 3387.200000 3.282400
925770.000000 619410.000000 3387.200000 15.023000
923630.000000 616170.000000 3064.800000 1.082300
933740.000000 617420.000000 3145.400000 -11.918000
925380.000000 601440.000000 3226.000000 -1.696200
934710.000000 603190.000000 3226.000000 -6.884000
927910.000000 610680.000000 3629.000000 -2.155500
938210.000000 596700.000000 3306.600000 4.775700
939570.000000 604940.000000 3387.200000 -3.199000
938590.000000 611930.000000 3226.000000 -17.750000
921690.000000 601690.000000 3790.200000 12.346000
933540.000000 610430.000000 3387.200000 -16.536000
927910.000000 604690.000000 3226.000000 -11.842000
932960.000000 605440.000000 3226.000000 -9.097100
924990.000000 613920.000000 3306.600000 -1.534100
928490.000000 600690.000000 3226.000000 -13.484000
929650.000000 610180.000000 3629.000000 -4.231000
922850.000000 605190.000000 3629.000000 11.307000
931990.000000 601940.000000 3226.000000 -12.777000
939950.000000 601690.000000 3629.000000 3.943300
931400.000000 614920.000000 3790.200000 -3.100200
932180.000000 596700.000000 3387.200000 -8.583500
921880.000000 607680.000000 3467.800000 5.290500
931600.000000 600200.000000 3306.600000 -16.415000
935870.000000 618910.000000 3226.000000 -1.333000
935480.000000 608180.000000 3226.000000 -19.805000
924600.000000 597700.000000 3226.000000 -4.103100
940150.000000 615670.000000 3467.800000 2.470800
935870.000000 610930.000000 3306.600000 -19.107000
928290.000000 618420.000000 3548.400000 12.518000
930430.000000 605440.000000 3226.000000 -14.438000
922080.000000 616920.000000 3145.400000 5.813300
939950.000000 597950.000000 3387.200000 7.231200
924990.000000 610930.000000 3306.600000 -2.318300
926740.000000 613670.000000 3709.600000 -1.048000
935100.000000 613920.000000 3467.800000 -7.124400
936070.000000 601190.000000 3306.600000 -10.353000
939760.000000 607430.000000 3145.400000 -10.088000
926740.000000 603690.000000 3226.000000 -6.854300
923050.000000 601690.000000 3548.400000 9.170300
927130.000000 607180.000000 3306.600000 -6.094600
938400.000000 613670.000000 3306.600000 -10.285000
923440.000000 599700.000000 3387.200000 4.401500
923240.000000 610180.000000 3145.400000 -2.868600
928290.000000 620410.000000 3629.000000 14.376000
931210.000000 617420.000000 3226.000000 -9.304600
930630.000000 596950.000000 3306.600000 -11.842000
938210.000000 603690.000000 3387.200000 -2.572000
931990.000000 612420.000000 3790.200000 -8.819900
930820.000000 607930.000000 3387.200000 -11.841000
933150.000000 599950.000000 3306.600000 -11.539000
925180.000000 603690.000000 3306.600000 2.742000
935100.000000 616170.000000 3387.200000 -4.032100
924600.000000 606930.000000 3306.600000 1.578500
921880.000000 614420.000000 2742.400000 0.507660
938010.000000 606930.000000 3145.400000 -15.272000
926550.000000 609680.000000 3387.200000 -2.968100
923440.000000 617420.000000 3306.600000 10.127000
934900.000000 606930.000000 3226.000000 -17.019000
936840.000000 597950.000000 3387.200000 1.599400
929270.000000 596950.000000 3306.600000 -9.407800
923440.000000 620410.000000 3790.200000 20.557000
927710.000000 615420.000000 3709.600000 5.270400
926740.000000 600940.000000 3226.000000 -8.222100
926160.000000 616420.000000 3467.800000 6.354600
939180.000000 616670.000000 3467.800000 3.898600
924990.000000 599950.000000 3306.600000 1.051100
935290.000000 596950.000000 3306.600000 -2.002700
921880.000000 611180.000000 2984.200000 -1.484000
937230.000000 602440.000000 3387.200000 -7.350600
935680.000000 605190.000000 3226.000000 -6.379900
932380.000000 603690.000000 3226.000000 -8.143500
921690.000000 602940.000000 3629.000000 9.624700
932380.000000 597700.000000 3306.600000 -14.391000
930430.000000 601190.000000 3226.000000 -16.684000
939950.000000 609930.000000 3145.400000 -13.449000
925960.000000 606430.000000 3306.600000 -0.530520
932180.000000 620160.000000 3145.400000 -3.281000
939950.000000 612670.000000 3226.000000 -9.571200
926350.000000 618170.000000 3387.200000 11.452000
932570.000000 609430.000000 3387.200000 -15.664000
921880.000000 618420.000000 3548.400000 15.811000
933350.000000 618910.000000 3145.400000 -7.472300
939760.000000 620410.000000 3548.400000 9.955700
937230.000000 618420.000000 3226.000000 -0.785780
934320.000000 601440.000000 3306.600000 -5.135000
936260.000000 620410.000000 2823.000000 -8.905100
931990.000000 598700.000000 3306.600000 -16.784000
933740.000000 616170.000000 3548.400000 -3.498800
926160.000000 596950.000000 3226.000000 -3.206400
928100.000000 597950.000000 3306.600000 -9.301700
935680.000000 612420.000000 3387.200000 -13.583000
926350.000000 599450.000000 3226.000000 -6.453500
932570.000000 614170.000000 3709.600000 -7.660200
921880.000000 599200.000000 3467.800000 7.073700
939760.000000 599200.000000 3387.200000 3.450600
939950.000000 617670.000000 3467.800000 5.987700
927710.000000 602190.000000 3226.000000 -13.346000
928880.000000 611680.000000 3951.400000 0.620200
930040.000000 614420.000000 3709.600000 -6.638700
928290.000000 609180.000000 3467.800000 -5.990100
939950.000000 600440.000000 3629.000000 7.066700
924990.000000 609680.000000 3306.600000 -3.954800
936460.000000 599450.000000 3306.600000 -4.499700
932570.000000 617170.000000 3467.800000 -5.133900
939950.000000 596700.000000 3306.600000 6.821900
925570.000000 612420.000000 3467.800000 2.096100
933930.000000 608680.000000 3306.600000 -15.425000
927320.000000 612180.000000 3790.200000 -2.399600
923440.000000 614420.000000 2984.200000 1.078200
937040.000000 608180.000000 3145.400000 -20.210000
939570.000000 602940.000000 3629.000000 2.578500
936260.000000 617420.000000 3064.800000 -9.474300
933350.000000 606930.000000 3226.000000 -12.364000
923820.000000 611680.000000 3145.400000 0.003952
931790.000000 606680.000000 3306.600000 -11.956000
934320.000000 599450.000000 3306.600000 -8.191900
931010.000000 609430.000000 3467.800000 -9.084500
928680.000000 605940.000000 3306.600000 -11.723000
924800.000000 615420.000000 3306.600000 0.311930
927320.000000 619160.000000 3387.200000 12.402000
936460.000000 613670.000000 3467.800000 -7.093700
937430.000000 614670.000000 3387.200000 -6.741900
924410.000000 602440.000000 3629.000000 9.085200
934710.000000 619160.000000 2984.200000 -9.696000
925180.000000 598700.000000 3226.000000 -4.197700
932380.000000 615670.000000 3709.600000 -4.235200
929460.000000 619160.000000 3387.200000 6.072900
923440.000000 598450.000000 3306.600000 0.750010
937230.000000 611180.000000 3306.600000 -17.523000
921880.000000 606190.000000 3709.600000 11.281000
928880.000000 614670.000000 3870.800000 3.556300
933740.000000 598200.000000 3306.600000 -9.282500
925960.000000 604940.000000 3306.600000 -1.350600
934510.000000 611680.000000 3387.200000 -17.929000
923240.000000 607680.000000 3387.200000 2.819900
939950.000000 613920.000000 3387.200000 -2.662600
927910.000000 599450.000000 3226.000000 -11.754000
938400.000000 605440.000000 3226.000000 -4.571800
936840.000000 616170.000000 3226.000000 -8.365400
926350.000000 611180.000000 3467.800000 -5.080900
931990.000000 610680.000000 3629.000000 -7.440700
934900.000000 609930.000000 3306.600000 -18.675000
929850.000000 617670.000000 3629.000000 7.129900
938590.000000 597950.000000 3306.600000 4.392900
936260.000000 603690.000000 3306.600000 -4.323200
921880.000000 597950.000000 3467.800000 6.806700
938210.000000 620410.000000 3145.400000 0.164350
936460.000000 606680.000000 3145.400000 -15.938000
939760.000000 606190.000000 3226.000000 -8.650700
921880.000000 604440.000000 3709.600000 12.266000
933150.000000 601190.000000 3226.000000 -10.499000
927320.000000 617170.000000 3629.000000 12.068000
926350.000000 614920.000000 3467.800000 -3.055900
934320.000000 605690.000000 3226.000000 -12.202000
924410.000000 605440.000000 3306.600000 2.892700
926160.000000 602440.000000 3226.000000 -5.116800
938010.000000 617420.000000 3387.200000 1.696900
923820.000000 613170.000000 2984.200000 -1.082800
924020.000000 600940.000000 3387.200000 5.521300
924990.000000 617170.000000 3226.000000 4.774100
930430.000000 612420.000000 3790.200000 -7.781700
921880.000000 609430.000000 3226.000000 -2.519700
930630.000000 611180.000000 3709.600000 -5.015900
928100.000000 613420.000000 3870.800000 2.486400
924990.000000 596700.000000 3226.000000 -2.989500
922080.000000 600440.000000 3548.400000 8.797100
937230.000000 609930.000000 3226.000000 -22.024000
931010.000000 602690.000000 3226.000000 -12.017000
923050.000000 602940.000000 3548.400000 9.281500
939950.000000 611430.000000 3145.400000 -12.834000
933930.000000 596700.000000 3387.200000 -3.540900
926550.000000 620410.000000 3467.800000 13.786000
929070.000000 598700.000000 3306.600000 -15.325000
935680.000000 602440.000000 3306.600000 -11.621000
933350.000000 602940.000000 3226.000000 -7.141000
924600.000000 618660.000000 3306.600000 11.911000
929650.000000 615920.000000 3709.600000 2.729600
939950.000000 619160.000000 3548.400000 10.157000
931210.000000 613670.000000 3790.200000 -7.611400
927710.000000 596700.000000 3387.200000 -2.677300
937430.000000 612670.000000 3387.200000 -9.953800
938400.000000 608430.000000 3145.400000 -19.399000
929650.000000 620410.000000 3387.200000 7.604800
922080.000000 615670.000000 3064.800000 3.036600
930040.000000 606680.000000 3306.600000 -12.965000
927320.000000 608430.000000 3387.200000 -2.862000
929650.000000 608680.000000 3467.800000 -7.227900
933150.000000 611930.000000 3629.000000 -12.768000
934120.000000 604440.000000 3226.000000 -7.944800
929270.000000 601940.000000 3226.000000 -17.315000
936070.000000 609430.000000 3226.000000 -22.075000
927130.000000 605690.000000 3306.600000 -4.764800
929270.000000 604690.000000 3226.000000 -15.809000
928490.000000 603190.000000 3226.000000 -16.251000
930820.000000 603940.000000 3226.000000 -12.378000
933540.000000 620410.000000 2823.000000 -12.725000
924800.000000 620410.000000 3548.400000 17.158000
921880.000000 613170.000000 2742.400000 -0.735200
937430.000000 600690.000000 3387.200000 -3.039200
931600.000000 605190.000000 3226.000000 -10.292000
923240.000000 608930.000000 3306.600000 -1.791000
921880.000000 596700.000000 3387.200000 4.443300
925770.000000 608180.000000 3306.600000 -0.813500
936840.000000 596700.000000 3306.600000 2.301900
937820.000000 598950.000000 3387.200000 3.065800
933930.000000 614920.000000 3387.200000 -12.307000
939950.000000 603940.000000 3467.800000 -2.564600
935100.000000 617670.000000 3226.000000 -4.735100
923050.000000 618910.000000 3548.400000 18.326000
923240.000000 606430.000000 3548.400000 9.260900
931990.000000 618660.000000 2984.200000 -14.773000
939950.000000 608680.000000 3145.400000 -10.134000
936070.000000 614920.000000 3306.600000 -8.378300
938790.000000 610680.000000 3145.400000 -20.840000
931010.000000 620410.000000 3226.000000 1.441500
937230.000000 619660.000000 3145.400000 0.138590
929850.000000 599950.000000 3306.600000 -16.462000
930820.000000 616170.000000 3387.200000 -9.185100
938980.000000 614920.000000 3387.200000 -3.353900
935100.000000 600200.000000 3306.600000 -8.026900
938590.000000 601690.000000 3467.800000 -1.062500
