921300.000000 596200.000000 3387.200000 -3.645500
921300.000000 597950.000000 3467.800000 -4.402600
921300.000000 599700.000000 3629.000000 -8.107200
921300.000000 601440.000000 3709.600000 -10.753000
921300.000000 603190.000000 3629.000000 -11.218000
921300.000000 604940.000000 3790.200000 -12.847000
921300.000000 606680.000000 3709.600000 -12.006000
921300.000000 608430.000000 3226.000000 -6.182300
921300.000000 610430.000000 3226.000000 -5.719800
921300.000000 612180.000000 2903.600000 -4.098200
921300.000000 613920.000000 2823.000000 -6.565600
921300.000000 615670.000000 3064.800000 -9.214300
921300.000000 617420.000000 3306.600000 -10.772000
921300.000000 619160.000000 3709.600000 -15.085000
921300.000000 620910.000000 3548.400000 -9.412900
922660.000000 596200.000000 3306.600000 -2.467000
922660.000000 597950.000000 3387.200000 -5.534000
922660.000000 599700.000000 3467.800000 -8.938500
922660.000000 601440.000000 3548.400000 -14.165000
922660.000000 603190.000000 3629.000000 -18.294000
922660.000000 604940.000000 3629.000000 -17.017000
922660.000000 606680.000000 3548.400000 -16.103000
922660.000000 608430.000000 3387.200000 -10.688000
922660.000000 610430.000000 3226.000000 -5.322600
922660.000000 612180.000000 2823.000000 -6.487800
922660.000000 613920.000000 2984.200000 -11.073000
922660.000000 615670.000000 3064.800000 -11.661000
922660.000000 617420.000000 3306.600000 -15.946000
922660.000000 619160.000000 3709.600000 -22.456000
922660.000000 620910.000000 3548.400000 -13.682000
924020.000000 596200.000000 3306.600000 -3.298700
924020.000000 597950.000000 3306.600000 -3.315800
924020.000000 599700.000000 3306.600000 -5.957500
924020.000000 601440.000000 3467.800000 -12.682000
924020.000000 603190.000000 3467.800000 -16.497000
924020.000000 604940.000000 3387.200000 -16.176000
924020.000000 606680.000000 3387.200000 -15.506000
924020.000000 608430.000000 3387.200000 -12.866000
924020.000000 610430.000000 3226.000000 -5.522700
924020.000000 612180.000000 3226.000000 -2.068000
924020.000000 613920.000000 3226.000000 -11.854000
924020.000000 615670.000000 3064.800000 -11.523000
924020.000000 617420.000000 3226.000000 -16.054000
924020.000000 619160.000000 3467.800000 -21.269000
924020.000000 620910.000000 3709.600000 -16.383000
925380.000000 596200.000000 3226.000000 -3.405500
925380.000000 597950.000000 3226.000000 -3.399600
925380.000000 599700.000000 3226.000000 -4.011500
925380.000000 601440.000000 3226.000000 -7.819800
925380.000000 603190.000000 3306.600000 -14.079000
925380.000000 604940.000000 3306.600000 -14.801000
925380.000000 606680.000000 3306.600000 -14.712000
925380.000000 608430.000000 3306.600000 -12.841000
925380.000000 610430.000000 3306.600000 -4.843000
925380.000000 612180.000000 3387.200000 -2.298300
925380.000000 613920.000000 3387.200000 -8.939600
925380.000000 615670.000000 3387.200000 -13.087000
925380.000000 617420.000000 3306.600000 -16.867000
925380.000000 619160.000000 3306.600000 -18.861000
925380.000000 620910.000000 3548.400000 -14.222000
926740.000000 596200.000000 3306.600000 -4.356600
926740.000000 597950.000000 3226.000000 -4.231800
926740.000000 599700.000000 3226.000000 -2.155300
926740.000000 601440.000000 3226.000000 -5.178800
926740.000000 603190.000000 3226.000000 -11.294000
926740.000000 604940.000000 3306.600000 -13.569000
926740.000000 606680.000000 3306.600000 -14.106000
926740.000000 608430.000000 3387.200000 -15.494000
926740.000000 610430.000000 3467.800000 -10.800000
926740.000000 612180.000000 3629.000000 -8.683300
926740.000000 613920.000000 3709.600000 -13.090000
926740.000000 615670.000000 3629.000000 -18.364000
926740.000000 617420.000000 3467.800000 -20.265000
926740.000000 619160.000000 3387.200000 -19.910000
926740.000000 620910.000000 3548.400000 -15.318000
928100.000000 596200.000000 3387.200000 -4.259700
928100.000000 597950.000000 3306.600000 -0.981940
928100.000000 599700.000000 3226.000000 -3.255100
928100.000000 601440.000000 3226.000000 -0.543920
928100.000000 603190.000000 3226.000000 -6.374900
928100.000000 604940.000000 3226.000000 -9.518100
928100.000000 606680.000000 3306.600000 -13.148000
928100.000000 608430.000000 3387.200000 -14.230000
928100.000000 610430.000000 3629.000000 -16.671000
928100.000000 612180.000000 3870.800000 -17.026000
928100.000000 613920.000000 3790.200000 -17.321000
928100.000000 615670.000000 3790.200000 -21.931000
928100.000000 617420.000000 3548.400000 -21.144000
928100.000000 619160.000000 3467.800000 -21.981000
928100.000000 620910.000000 3629.000000 -15.186000
929460.000000 596200.000000 3306.600000 -1.185700
929460.000000 597950.000000 3306.600000 -0.759110
929460.000000 599700.000000 3226.000000 -2.659800
929460.000000 601440.000000 3226.000000 -7.260800
929460.000000 603190.000000 3226.000000 -9.099700
929460.000000 604940.000000 3306.600000 -13.265000
929460.000000 606680.000000 3306.600000 -12.491000
929460.000000 608430.000000 3467.800000 -16.405000
929460.000000 610430.000000 3629.000000 -18.899000
929460.000000 612180.000000 3951.400000 -20.348000
929460.000000 613920.000000 3790.200000 -16.159000
929460.000000 615670.000000 3790.200000 -20.630000
929460.000000 617420.000000 3709.600000 -21.878000
929460.000000 619160.000000 3387.200000 -19.021000
929460.000000 620910.000000 3548.400000 -13.643000
931010.000000 596200.000000 3306.600000 -4.381800
931010.000000 597950.000000 3306.600000 -6.086700
931010.000000 599700.000000 3306.600000 -7.073700
931010.000000 601440.000000 3226.000000 -9.396100
931010.000000 603190.000000 3226.000000 -12.710000
931010.000000 604940.000000 3226.000000 -12.781000
931010.000000 606680.000000 3306.600000 -12.525000
931010.000000 608430.000000 3387.200000 -14.725000
931010.000000 610430.000000 3629.000000 -17.545000
931010.000000 612180.000000 3709.600000 -14.362000
931010.000000 613920.000000 3709.600000 -13.833000
931010.000000 615670.000000 3629.000000 -15.492000
931010.000000 617420.000000 3226.000000 -10.507000
931010.000000 619160.000000 3306.600000 -14.165000
931010.000000 620910.000000 3145.400000 -8.526000
932380.000000 596200.000000 3387.200000 -7.330100
932380.000000 597950.000000 3306.600000 -7.680900
932380.000000 599700.000000 3226.000000 -8.353000
932380.000000 601440.000000 3226.000000 -12.118000
932380.000000 603190.000000 3226.000000 -13.615000
932380.000000 604940.000000 3226.000000 -13.900000
932380.000000 606680.000000 3306.600000 -15.078000
932380.000000 608430.000000 3306.600000 -11.249000
932380.000000 610430.000000 3548.400000 -16.376000
932380.000000 612180.000000 3709.600000 -13.553000
932380.000000 613920.000000 3790.200000 -14.083000
932380.000000 615670.000000 3709.600000 -11.578000
932380.000000 617420.000000 3387.200000 -8.211600
932380.000000 619160.000000 2984.200000 -5.620600
932380.000000 620910.000000 3145.400000 -6.805400
933740.000000 596200.000000 3387.200000 -8.811000
933740.000000 597950.000000 3306.600000 -10.657000
933740.000000 599700.000000 3306.600000 -13.180000
933740.000000 601440.000000 3226.000000 -13.542000
933740.000000 603190.000000 3226.000000 -17.193000
933740.000000 604940.000000 3226.000000 -13.731000
933740.000000 606680.000000 3226.000000 -11.794000
933740.000000 608430.000000 3306.600000 -13.899000
933740.000000 610430.000000 3387.200000 -13.148000
933740.000000 612180.000000 3548.400000 -11.894000
933740.000000 613920.000000 3629.000000 -9.391100
933740.000000 615670.000000 3387.200000 2.475600
933740.000000 617420.000000 3145.400000 3.563000
933740.000000 619160.000000 3226.000000 -2.980600
933740.000000 620910.000000 2823.000000 2.229200
935100.000000 596200.000000 3387.200000 -9.486400
935100.000000 597950.000000 3306.600000 -13.278000
935100.000000 599700.000000 3306.600000 -13.277000
935100.000000 601440.000000 3306.600000 -14.212000
935100.000000 603190.000000 3226.000000 -12.897000
935100.000000 604940.000000 3226.000000 -14.190000
935100.000000 606680.000000 3226.000000 -10.480000
935100.000000 608430.000000 3226.000000 -8.939200
935100.000000 610430.000000 3306.600000 -11.386000
935100.000000 612180.000000 3467.800000 -11.127000
935100.000000 613920.000000 3467.800000 -7.687800
935100.000000 615670.000000 3226.000000 -0.343830
935100.000000 617420.000000 3226.000000 -0.199490
935100.000000 619160.000000 3064.800000 0.799250
935100.000000 620910.000000 2984.200000 2.580400
936460.000000 596200.000000 3306.600000 -9.584800
936460.000000 597950.000000 3387.200000 -15.998000
936460.000000 599700.000000 3306.600000 -14.454000
936460.000000 601440.000000 3306.600000 -12.271000
936460.000000 603190.000000 3306.600000 -13.439000
936460.000000 604940.000000 3226.000000 -15.770000
936460.000000 606680.000000 3145.400000 -10.268000
936460.000000 608430.000000 3226.000000 -8.510600
936460.000000 610430.000000 3226.000000 -7.563400
936460.000000 612180.000000 3306.600000 -7.279900
936460.000000 613920.000000 3467.800000 -5.207800
936460.000000 615670.000000 3306.600000 3.843300
936460.000000 617420.000000 3064.800000 4.248600
936460.000000 619160.000000 3064.800000 2.420900
936460.000000 620910.000000 2903.600000 7.608700
937820.000000 596200.000000 3306.600000 -10.844000
937820.000000 597950.000000 3387.200000 -17.167000
937820.000000 599700.000000 3467.800000 -17.556000
937820.000000 601440.000000 3387.200000 -14.725000
937820.000000 603190.000000 3387.200000 -15.592000
937820.000000 604940.000000 3387.200000 -16.778000
937820.000000 606680.000000 3145.400000 -10.983000
937820.000000 608430.000000 3145.400000 -7.319100
937820.000000 610430.000000 3226.000000 -7.382600
937820.000000 612180.000000 3387.200000 -6.747800
937820.000000 613920.000000 3387.200000 -2.768800
937820.000000 615670.000000 3387.200000 2.556200
937820.000000 617420.000000 3387.200000 1.768400
937820.000000 619160.000000 3226.000000 2.924900
937820.000000 620910.000000 3064.800000 6.738600
939180.000000 596200.000000 3306.600000 -10.715000
939180.000000 597950.000000 3387.200000 -15.963000
939180.000000 599700.000000 3467.800000 -17.485000
939180.000000 601440.000000 3548.400000 -17.745000
939180.000000 603190.000000 3548.400000 -15.914000
939180.000000 604940.000000 3387.200000 -15.998000
939180.000000 606680.000000 3145.400000 -9.639300
939180.000000 608430.000000 3145.400000 -8.264800
939180.000000 610430.000000 3226.000000 -7.200000
939180.000000 612180.000000 3226.000000 -1.889900
939180.000000 613920.000000 3387.200000 -2.440500
939180.000000 615670.000000 3548.400000 -1.639000
939180.000000 617420.000000 3387.200000 2.222300
939180.000000 619160.000000 3306.600000 3.811900
939180.000000 620910.000000 3387.200000 2.252300
940540.000000 596200.000000 3306.600000 -8.359300
940540.000000 597950.000000 3306.600000 -10.287000
940540.000000 599700.000000 3548.400000 -12.391000
940540.000000 601440.000000 3629.000000 -11.454000
940540.000000 603190.000000 3467.800000 -9.350200
940540.000000 604940.000000 3306.600000 -5.742000
940540.000000 606680.000000 3226.000000 -8.473200
940540.000000 608430.000000 3145.400000 -6.880000
940540.000000 610430.000000 3226.000000 -5.050000
940540.000000 612180.000000 3226.000000 -1.672200
940540.000000 613920.000000 3306.600000 -0.188000
940540.000000 615670.000000 3467.800000 -0.663840
940540.000000 617420.000000 3548.400000 -2.429300
940540.000000 619160.000000 3548.400000 -1.585200
940540.000000 620910.000000 3548.400000 -0.830070
