936460.000000 620410.000000 2903.600000 -6.418800
935290.000000 612180.000000 3467.800000 -11.843000
935100.000000 612180.000000 3467.800000 -13.644000
939760.000000 617920.000000 3387.200000 5.806600
936840.000000 617920.000000 3064.800000 -7.165900
933540.000000 613170.000000 3709.600000 -8.291400
937040.000000 616920.000000 3145.400000 -7.738600
940340.000000 609680.000000 3145.400000 -11.485000
932760.000000 620410.000000 2984.200000 -7.738600
940540.000000 616170.000000 3548.400000 2.237300
932760.000000 613920.000000 3790.200000 -5.478300
931790.000000 620160.000000 3306.600000 0.326460
934510.000000 614420.000000 3467.800000 -7.674900
935290.000000 616420.000000 3387.200000 -2.126200
933540.000000 613670.000000 3629.000000 -8.433100
934510.000000 612670.000000 3548.400000 -11.121000
936460.000000 612180.000000 3306.600000 -15.472000
937230.000000 610180.000000 3226.000000 -22.418000
932570.000000 609180.000000 3387.200000 -16.460000
935290.000000 609430.000000 3226.000000 -21.214000
938980.000000 614170.000000 3387.200000 -4.154300
933740.000000 613420.000000 3709.600000 -6.011000
938790.000000 611430.000000 3226.000000 -17.284000
940340.000000 617670.000000 3467.800000 5.969100
931600.000000 620160.000000 3306.600000 2.148400
934320.000000 618910.000000 3064.800000 -8.061400
935870.000000 612180.000000 3387.200000 -13.147000
934900.000000 617170.000000 3306.600000 -4.695000
936070.000000 614920.000000 3306.600000 -8.378300
932960.000000 610930.000000 3467.800000 -14.407000
936460.000000 615420.000000 3306.600000 -7.581300
931600.000000 619660.000000 3226.000000 -2.183900
935480.000000 615920.000000 3226.000000 -7.057900
938790.000000 616670.000000 3387.200000 -0.171920
934510.000000 616670.000000 3387.200000 -4.241100
935290.000000 614670.000000 3467.800000 -4.278200
938010.000000 614170.000000 3387.200000 -7.176400
936260.000000 612670.000000 3387.200000 -12.364000
938590.000000 619160.000000 3306.600000 4.200400
935870.000000 610680.000000 3226.000000 -22.549000
939760.000000 614670.000000 3387.200000 -0.990210
935870.000000 614420.000000 3387.200000 -7.607000
938400.000000 617670.000000 3306.600000 0.396830
935870.000000 612670.000000 3387.200000 -12.386000
933930.000000 614170.000000 3709.600000 -3.919800
937230.000000 610680.000000 3226.000000 -21.771000
936070.000000 611430.000000 3306.600000 -18.127000
931400.000000 617170.000000 3145.400000 -13.915000
929850.000000 618420.000000 3629.000000 9.130700
929460.000000 618660.000000 3548.400000 9.860600
927520.000000 614670.000000 3709.600000 2.746700
922850.000000 610930.000000 3226.000000 0.740890
927710.000000 612670.000000 3951.400000 2.749200
925770.000000 613670.000000 3467.800000 -3.148200
925770.000000 610180.000000 3387.200000 -2.610000
929850.000000 619160.000000 3467.800000 7.954600
927130.000000 619410.000000 3467.800000 13.975000
929070.000000 615920.000000 3870.800000 8.337500
922850.000000 614170.000000 2984.200000 1.069600
922460.000000 620910.000000 3548.400000 12.371000
926740.000000 613920.000000 3709.600000 -1.271700
924990.000000 609930.000000 3306.600000 -3.752500
925180.000000 609930.000000 3306.600000 -4.283200
926160.000000 609430.000000 3387.200000 -0.988780
925180.000000 613920.000000 3387.200000 -1.147100
921300.000000 617170.000000 3387.200000 9.157800
923050.000000 614170.000000 3064.800000 1.549800
924020.000000 610930.000000 3145.400000 -1.678200
921490.000000 612420.000000 2903.600000 -0.881680
926160.000000 613420.000000 3467.800000 -3.744000
929270.000000 609430.000000 3548.400000 -5.302600
924600.000000 610180.000000 3226.000000 -4.651300
924410.000000 608680.000000 3306.600000 -0.983090
924990.000000 613420.000000 3064.800000 -3.563600
923820.000000 614170.000000 3064.800000 -0.431240
929070.000000 611430.000000 3790.200000 -2.983000
929850.000000 602690.000000 3226.000000 -15.161000
929650.000000 602940.000000 3226.000000 -16.550000
928880.000000 608430.000000 3467.800000 -7.296900
930630.000000 608430.000000 3387.200000 -10.945000
930630.000000 602690.000000 3226.000000 -13.361000
925380.000000 601190.000000 3226.000000 -1.981100
926550.000000 598450.000000 3226.000000 -6.308000
928680.000000 598950.000000 3306.600000 -12.443000
925960.000000 606430.000000 3306.600000 -0.530520
930040.000000 601190.000000 3226.000000 -15.519000
929650.000000 601190.000000 3226.000000 -16.175000
926550.000000 596200.000000 3306.600000 -3.425000
927710.000000 606930.000000 3306.600000 -7.717800
926740.000000 600690.000000 3226.000000 -9.122900
926550.000000 604440.000000 3306.600000 -3.125400
923820.000000 602190.000000 3548.400000 8.961000
928880.000000 599450.000000 3226.000000 -15.013000
927130.000000 603190.000000 3226.000000 -9.066900
924990.000000 606190.000000 3306.600000 1.764700
928680.000000 602440.000000 3226.000000 -17.095000
928290.000000 607180.000000 3306.600000 -9.784900
922080.000000 601690.000000 3709.600000 12.200000
925380.000000 599450.000000 3226.000000 -4.251800
925960.000000 601440.000000 3226.000000 -3.938800
930240.000000 599200.000000 3306.600000 -19.130000
922850.000000 596200.000000 3306.600000 0.707850
923240.000000 605690.000000 3548.400000 9.905700
926350.000000 600690.000000 3226.000000 -7.674100
923630.000000 605940.000000 3467.800000 6.619000
923050.000000 596950.000000 3306.600000 2.074600
922660.000000 600690.000000 3548.400000 9.153100
927320.000000 598950.000000 3226.000000 -10.767000
925960.000000 603190.000000 3226.000000 -2.060200
930040.000000 603940.000000 3226.000000 -14.689000
924990.000000 602440.000000 3306.600000 0.834180
930430.000000 598450.000000 3306.600000 -17.840000
926160.000000 599450.000000 3226.000000 -5.690500
928680.000000 607930.000000 3387.200000 -8.976800
921490.000000 596700.000000 3387.200000 5.110800
926350.000000 596700.000000 3226.000000 -3.179600
930630.000000 601940.000000 3226.000000 -14.226000
929850.000000 597950.000000 3306.600000 -16.193000
926350.000000 596950.000000 3226.000000 -4.223900
930430.000000 603190.000000 3226.000000 -13.254000
927320.000000 604440.000000 3226.000000 -9.423500
924020.000000 607430.000000 3387.200000 3.936400
928880.000000 597950.000000 3387.200000 -9.855000
922460.000000 600690.000000 3548.400000 8.709200
921690.000000 606430.000000 3709.600000 9.383100
929460.000000 602440.000000 3226.000000 -16.442000
930240.000000 607930.000000 3387.200000 -10.380000
921300.000000 603690.000000 3870.800000 9.893900
930820.000000 604190.000000 3226.000000 -12.183000
924800.000000 604440.000000 3306.600000 3.498500
924020.000000 606930.000000 3387.200000 4.684200
922850.000000 603440.000000 3467.800000 7.444700
923630.000000 596700.000000 3306.600000 0.885770
925380.000000 608430.000000 3306.600000 -0.934470
923240.000000 607180.000000 3387.200000 2.926800
923630.000000 604940.000000 3387.200000 7.089200
922460.000000 608430.000000 3387.200000 0.375800
922460.000000 599700.000000 3467.800000 7.006000
930040.000000 597200.000000 3306.600000 -12.525000
925380.000000 596700.000000 3226.000000 -1.952500
921300.000000 601940.000000 3790.200000 9.286000
930820.000000 603940.000000 3226.000000 -12.378000
926160.000000 599950.000000 3226.000000 -5.996000
930240.000000 597700.000000 3306.600000 -16.525000
929650.000000 596200.000000 3306.600000 -8.083400
922080.000000 597950.000000 3467.800000 7.199900
930820.000000 607680.000000 3387.200000 -11.891000
930240.000000 604940.000000 3226.000000 -12.953000
929270.000000 606930.000000 3306.600000 -12.635000
923630.000000 601940.000000 3467.800000 7.344200
922080.000000 596450.000000 3387.200000 4.169400
927320.000000 600690.000000 3226.000000 -12.322000
929460.000000 605190.000000 3306.600000 -12.712000
923820.000000 607680.000000 3387.200000 2.904200
929460.000000 599200.000000 3306.600000 -17.370000
930430.000000 605940.000000 3306.600000 -11.406000
924600.000000 597450.000000 3226.000000 -5.042100
925770.000000 597700.000000 3226.000000 -5.126900
929850.000000 597200.000000 3306.600000 -12.369000
921880.000000 598450.000000 3467.800000 6.505100
926160.000000 602940.000000 3226.000000 -4.242200
926160.000000 603190.000000 3226.000000 -4.099600
929850.000000 600940.000000 3226.000000 -15.676000
930820.000000 600440.000000 3306.600000 -15.899000
927710.000000 599700.000000 3226.000000 -11.580000
928490.000000 607930.000000 3387.200000 -8.366200
922460.000000 607430.000000 3467.800000 5.082600
924990.000000 607680.000000 3306.600000 0.341980
926930.000000 605940.000000 3306.600000 -4.532700
925770.000000 606190.000000 3306.600000 -0.518250
930040.000000 603440.000000 3226.000000 -15.176000
930040.000000 599450.000000 3306.600000 -19.452000
930820.000000 604940.000000 3226.000000 -12.130000
928490.000000 599700.000000 3226.000000 -12.946000
930240.000000 603440.000000 3226.000000 -12.830000
926160.000000 607680.000000 3387.200000 0.575180
928100.000000 606930.000000 3306.600000 -9.775200
928490.000000 601440.000000 3226.000000 -16.915000
929650.000000 598950.000000 3306.600000 -18.032000
922660.000000 606680.000000 3548.400000 7.723800
927910.000000 598450.000000 3306.600000 -9.429100
921690.000000 605440.000000 3790.200000 12.584000
923440.000000 602690.000000 3548.400000 9.649300
924800.000000 603690.000000 3306.600000 2.543700
921690.000000 596450.000000 3387.200000 4.627400
930430.000000 599700.000000 3306.600000 -18.707000
921300.000000 608430.000000 3226.000000 -1.079200
924020.000000 599200.000000 3306.600000 0.814560
925180.000000 604690.000000 3306.600000 2.109300
923240.000000 600690.000000 3467.800000 6.462900
924020.000000 596700.000000 3306.600000 0.369130
923050.000000 607680.000000 3467.800000 4.559400
923050.000000 602190.000000 3548.400000 9.037600
926740.000000 597950.000000 3226.000000 -6.592800
923820.000000 602440.000000 3629.000000 11.471000
925960.000000 608430.000000 3306.600000 -1.838300
924020.000000 607180.000000 3387.200000 2.688100
922270.000000 599450.000000 3467.800000 7.006300
923240.000000 598700.000000 3387.200000 3.417500
927520.000000 600200.000000 3226.000000 -12.526000
921690.000000 604190.000000 3790.200000 12.707000
930820.000000 606190.000000 3306.600000 -11.972000
928680.000000 605440.000000 3306.600000 -11.994000
923050.000000 604440.000000 3387.200000 5.300700
930240.000000 596700.000000 3306.600000 -10.784000
928680.000000 597450.000000 3387.200000 -6.643000
926930.000000 599450.000000 3226.000000 -8.534900
928490.000000 596950.000000 3306.600000 -6.601600
921300.000000 605440.000000 3790.200000 8.450400
929650.000000 606190.000000 3306.600000 -12.936000
925380.000000 597950.000000 3226.000000 -3.751400
928290.000000 607680.000000 3387.200000 -7.371500
925570.000000 601940.000000 3306.600000 -0.059315
924410.000000 599950.000000 3306.600000 1.952200
930630.000000 605690.000000 3226.000000 -13.547000
927710.000000 598950.000000 3226.000000 -11.076000
929850.000000 607180.000000 3306.600000 -12.421000
922460.000000 599950.000000 3467.800000 7.102500
928100.000000 601190.000000 3226.000000 -15.172000
937620.000000 607680.000000 3145.400000 -19.819000
938400.000000 604940.000000 3306.600000 -3.111700
932180.000000 598950.000000 3306.600000 -15.679000
933740.000000 604940.000000 3226.000000 -7.386600
938210.000000 605440.000000 3226.000000 -5.813800
932570.000000 602690.000000 3226.000000 -8.140300
940150.000000 608180.000000 3145.400000 -10.053000
936070.000000 602190.000000 3306.600000 -11.452000
934510.000000 605440.000000 3226.000000 -11.591000
935870.000000 599200.000000 3306.600000 -4.433800
933930.000000 607680.000000 3226.000000 -16.136000
938790.000000 596450.000000 3306.600000 5.663700
937820.000000 597950.000000 3387.200000 4.367200
932760.000000 603440.000000 3226.000000 -7.781300
933350.000000 601440.000000 3226.000000 -9.251700
937430.000000 599700.000000 3387.200000 -0.628580
940150.000000 608430.000000 3145.400000 -9.294800
932180.000000 607680.000000 3306.600000 -12.129000
937620.000000 599950.000000 3467.800000 1.609600
936840.000000 606680.000000 3145.400000 -14.482000
936650.000000 598950.000000 3306.600000 -1.749400
937620.000000 596450.000000 3306.600000 3.941200
935290.000000 608430.000000 3226.000000 -20.767000
