933350.000000 609180.000000 3306.600000 -12.490000
930240.000000 617170.000000 3548.400000 -18.459000
924600.000000 603940.000000 3387.200000 -16.969000
930430.000000 606680.000000 3306.600000 -12.987000
930040.000000 601440.000000 3226.000000 -8.850300
933540.000000 606190.000000 3226.000000 -13.365000
922270.000000 615170.000000 2823.000000 -9.363200
931400.000000 596700.000000 3306.600000 -4.980600
933540.000000 611930.000000 3548.400000 -11.518000
922080.000000 605940.000000 3709.600000 -16.268000
926550.000000 608680.000000 3387.200000 -15.406000
935680.000000 617920.000000 3226.000000 -0.974250
931400.000000 614170.000000 3790.200000 -15.475000
932180.000000 609430.000000 3387.200000 -13.421000
928880.000000 620910.000000 3629.000000 -15.266000
932960.000000 604440.000000 3226.000000 -14.778000
922270.000000 616670.000000 3145.400000 -12.446000
940540.000000 603690.000000 3467.800000 -8.525300
934900.000000 608930.000000 3226.000000 -8.879700
937040.000000 610680.000000 3226.000000 -7.217700
940340.000000 620160.000000 3548.400000 -1.958200
925570.000000 608430.000000 3306.600000 -12.995000
930240.000000 606190.000000 3306.600000 -12.968000
939570.000000 617420.000000 3467.800000 0.899580
930820.000000 607930.000000 3387.200000 -14.346000
940540.000000 601190.000000 3709.600000 -12.724000
924990.000000 611930.000000 3306.600000 -2.398500
937230.000000 606930.000000 3145.400000 -9.685000
933930.000000 618660.000000 3226.000000 -1.718000
938400.000000 607930.000000 3145.400000 -7.303900
921880.000000 601440.000000 3709.600000 -14.672000
926350.000000 615670.000000 3548.400000 -16.310000
930240.000000 602440.000000 3226.000000 -11.526000
930820.000000 608430.000000 3387.200000 -14.960000
937430.000000 603190.000000 3306.600000 -13.624000
927710.000000 605440.000000 3306.600000 -12.517000
931990.000000 618420.000000 3064.800000 -6.188000
921690.000000 608930.000000 3145.400000 -6.185100
928880.000000 614420.000000 3790.200000 -19.166000
934120.000000 603690.000000 3226.000000 -16.528000
931990.000000 607930.000000 3306.600000 -12.674000
921300.000000 604940.000000 3790.200000 -12.847000
937430.000000 611680.000000 3306.600000 -6.898200
924210.000000 599450.000000 3306.600000 -5.320800
939370.000000 600440.000000 3548.400000 -16.992000
921300.000000 605940.000000 3790.200000 -12.592000
930630.000000 600940.000000 3226.000000 -8.251100
927910.000000 612420.000000 3870.800000 -16.978000
924600.000000 611180.000000 3226.000000 -4.321100
925770.000000 597200.000000 3226.000000 -6.067100
928490.000000 601940.000000 3226.000000 -1.972500
937230.000000 617170.000000 3226.000000 4.376300
930820.000000 619410.000000 3387.200000 -15.745000
937040.000000 602940.000000 3387.200000 -14.534000
927130.000000 604190.000000 3226.000000 -11.159000
936650.000000 605690.000000 3145.400000 -12.058000
927130.000000 605940.000000 3306.600000 -13.676000
939950.000000 609930.000000 3145.400000 -6.773400
926160.000000 607430.000000 3306.600000 -14.570000
926160.000000 619160.000000 3387.200000 -21.323000
923440.000000 618170.000000 3387.200000 -19.448000
936650.000000 612670.000000 3387.200000 -8.302200
932960.000000 615420.000000 3709.600000 -9.533300
921490.000000 597950.000000 3467.800000 -6.012800
923820.000000 599950.000000 3387.200000 -8.215800
937040.000000 617920.000000 3145.400000 2.207400
926550.000000 609430.000000 3387.200000 -14.563000
940150.000000 609430.000000 3145.400000 -6.336000
933350.000000 603940.000000 3226.000000 -16.254000
926740.000000 615170.000000 3709.600000 -17.153000
931600.000000 601940.000000 3226.000000 -12.304000
922660.000000 620910.000000 3548.400000 -13.682000
928100.000000 613670.000000 3790.200000 -18.082000
926740.000000 619660.000000 3387.200000 -19.819000
926930.000000 602940.000000 3226.000000 -10.328000
937040.000000 615670.000000 3306.600000 3.847200
923050.000000 613920.000000 3064.800000 -11.655000
934120.000000 617920.000000 3145.400000 1.366600
937820.000000 614920.000000 3467.800000 -1.405100
925180.000000 601190.000000 3306.600000 -9.696400
938790.000000 609680.000000 3145.400000 -6.632200
923050.000000 609180.000000 3306.600000 -6.184200
931600.000000 610930.000000 3548.400000 -15.136000
928680.000000 610430.000000 3629.000000 -17.197000
932570.000000 611430.000000 3629.000000 -16.030000
927320.000000 607430.000000 3387.200000 -15.695000
927710.000000 597450.000000 3306.600000 -2.368000
927130.000000 597700.000000 3306.600000 -4.275500
938790.000000 596450.000000 3306.600000 -12.650000
936260.000000 613670.000000 3467.800000 -6.768800
935680.000000 605690.000000 3226.000000 -13.468000
936650.000000 606680.000000 3145.400000 -9.750400
939180.000000 605690.000000 3226.000000 -12.297000
923240.000000 610180.000000 3145.400000 -6.111800
927320.000000 609680.000000 3467.800000 -15.067000
928490.000000 617920.000000 3629.000000 -22.099000
938980.000000 618420.000000 3387.200000 1.368400
936460.000000 602440.000000 3306.600000 -11.964000
935870.000000 605940.000000 3226.000000 -13.733000
935290.000000 603940.000000 3226.000000 -15.048000
922660.000000 612180.000000 2823.000000 -6.487800
931010.000000 600940.000000 3226.000000 -8.593100
930820.000000 596950.000000 3306.600000 -4.507000
936840.000000 619410.000000 2984.200000 5.123600
934510.000000 606930.000000 3226.000000 -10.711000
925380.000000 612420.000000 3467.800000 -5.040900
924800.000000 611680.000000 3226.000000 -1.850700
936460.000000 608680.000000 3226.000000 -7.974600
938980.000000 601940.000000 3548.400000 -16.078000
925770.000000 606190.000000 3306.600000 -15.442000
931990.000000 602940.000000 3226.000000 -13.754000
934320.000000 606930.000000 3226.000000 -10.781000
929070.000000 596950.000000 3387.200000 -1.810400
923440.000000 601940.000000 3548.400000 -15.238000
938210.000000 598450.000000 3387.200000 -17.292000
929070.000000 608430.000000 3467.800000 -16.227000
936070.000000 606190.000000 3226.000000 -13.047000
922660.000000 612420.000000 2903.600000 -5.800100
925770.000000 607180.000000 3306.600000 -14.544000
929070.000000 613920.000000 3790.200000 -18.111000
935290.000000 600200.000000 3306.600000 -13.293000
929460.000000 600200.000000 3226.000000 -5.750700
936650.000000 609180.000000 3226.000000 -8.216600
932760.000000 613670.000000 3790.200000 -13.342000
927710.000000 608680.000000 3387.200000 -15.942000
930240.000000 619910.000000 3226.000000 -13.926000
927710.000000 620910.000000 3629.000000 -16.047000
929070.000000 616420.000000 3790.200000 -22.867000
938980.000000 608430.000000 3145.400000 -6.685600
923630.000000 602190.000000 3548.400000 -15.579000
933350.000000 619160.000000 3064.800000 0.352540
927320.000000 601690.000000 3226.000000 -4.166500
922270.000000 598700.000000 3467.800000 -7.278600
932380.000000 619660.000000 3064.800000 -7.236900
937040.000000 616420.000000 3226.000000 6.204900
939570.000000 600440.000000 3548.400000 -17.353000
921300.000000 620160.000000 3709.600000 -13.354000
934120.000000 616420.000000 3467.800000 -3.437200
924210.000000 599200.000000 3306.600000 -4.161300
938210.000000 618910.000000 3306.600000 2.225200
921490.000000 600940.000000 3709.600000 -12.119000
936260.000000 618910.000000 3145.400000 -0.290560
933930.000000 600440.000000 3306.600000 -12.470000
921300.000000 604440.000000 3790.200000 -12.740000
936460.000000 617920.000000 3064.800000 2.698600
934510.000000 603690.000000 3226.000000 -15.703000
931790.000000 601440.000000 3226.000000 -10.731000
923240.000000 613170.000000 2903.600000 -9.333500
923820.000000 607930.000000 3387.200000 -13.082000
930430.000000 607930.000000 3387.200000 -14.889000
932960.000000 597450.000000 3387.200000 -10.445000
932960.000000 605940.000000 3226.000000 -13.903000
928680.000000 600440.000000 3226.000000 -4.171500
937620.000000 607680.000000 3145.400000 -7.875300
931400.000000 613420.000000 3790.200000 -14.890000
934510.000000 620410.000000 3064.800000 1.967900
931600.000000 598450.000000 3306.600000 -7.685000
921300.000000 603940.000000 3870.800000 -13.273000
932180.000000 614670.000000 3790.200000 -13.515000
929650.000000 617670.000000 3709.600000 -22.289000
921300.000000 603440.000000 3709.600000 -12.711000
929460.000000 596700.000000 3306.600000 -2.169900
935870.000000 597950.000000 3306.600000 -14.159000
922660.000000 604940.000000 3629.000000 -17.017000
925180.000000 612920.000000 3306.600000 -3.461500
921490.000000 597700.000000 3387.200000 -4.406800
939950.000000 607180.000000 3145.400000 -9.180500
938400.000000 619660.000000 3226.000000 4.717400
936840.000000 601190.000000 3306.600000 -12.826000
925570.000000 604190.000000 3306.600000 -14.434000
923050.000000 619410.000000 3629.000000 -21.499000
939570.000000 599200.000000 3467.800000 -16.963000
934900.000000 610680.000000 3306.600000 -10.860000
934320.000000 618420.000000 3064.800000 2.440300
921880.000000 611180.000000 2984.200000 -5.007500
921880.000000 597200.000000 3387.200000 -4.345500
926350.000000 602940.000000 3226.000000 -11.753000
938590.000000 612420.000000 3306.600000 -3.786100
930040.000000 599450.000000 3306.600000 -5.636200
932760.000000 598700.000000 3306.600000 -9.388600
937430.000000 599450.000000 3387.200000 -16.867000
927320.000000 596200.000000 3387.200000 -4.126300
932380.000000 596950.000000 3306.600000 -7.733800
928680.000000 620660.000000 3629.000000 -17.642000
931790.000000 606190.000000 3306.600000 -13.918000
936650.000000 603690.000000 3387.200000 -16.844000
922460.000000 601440.000000 3548.400000 -13.231000
935290.000000 604940.000000 3226.000000 -14.555000
925960.000000 620660.000000 3629.000000 -19.011000
922660.000000 599450.000000 3387.200000 -6.495800
937620.000000 596950.000000 3306.600000 -14.133000
926740.000000 609930.000000 3467.800000 -14.093000
929460.000000 613420.000000 3870.800000 -17.283000
926930.000000 598200.000000 3226.000000 -3.816200
936840.000000 616170.000000 3226.000000 5.483100
930040.000000 600200.000000 3306.600000 -7.502100
923630.000000 611430.000000 3064.800000 -4.050300
927320.000000 611180.000000 3629.000000 -12.082000
923050.000000 613670.000000 3064.800000 -11.803000
928880.000000 599200.000000 3306.600000 -2.498600
931210.000000 620660.000000 3226.000000 -10.159000
938400.000000 607680.000000 3145.400000 -7.417800
921690.000000 610930.000000 2903.600000 -6.380000
928490.000000 618660.000000 3548.400000 -22.400000
939180.000000 596700.000000 3306.600000 -14.834000
922080.000000 617920.000000 3467.800000 -18.337000
936650.000000 597950.000000 3387.200000 -16.386000
922270.000000 600690.000000 3629.000000 -13.111000
937430.000000 606680.000000 3145.400000 -10.782000
921880.000000 598950.000000 3467.800000 -7.381400
927520.000000 603940.000000 3226.000000 -10.871000
936650.000000 604190.000000 3306.600000 -16.595000
935680.000000 610430.000000 3306.600000 -9.847400
940150.000000 616920.000000 3548.400000 -1.869000
931210.000000 616920.000000 3226.000000 -10.132000
936840.000000 615170.000000 3306.600000 1.626500
933930.000000 596450.000000 3387.200000 -9.871000
934320.000000 618660.000000 3064.800000 1.428100
936260.000000 614170.000000 3467.800000 -5.271000
926550.000000 605440.000000 3306.600000 -14.768000
936460.000000 606430.000000 3145.400000 -10.118000
933350.000000 611430.000000 3548.400000 -13.650000
937230.000000 597450.000000 3306.600000 -15.223000
923630.000000 607930.000000 3387.200000 -13.110000
939370.000000 604940.000000 3387.200000 -14.439000
929270.000000 619660.000000 3467.800000 -19.466000
936840.000000 596200.000000 3306.600000 -10.568000
935480.000000 615420.000000 3306.600000 -0.481370
927910.000000 604690.000000 3226.000000 -9.709700
931600.000000 616420.000000 3387.200000 -8.712600
923050.000000 610680.000000 3226.000000 -4.458200
922080.000000 600200.000000 3548.400000 -11.624000
932380.000000 606430.000000 3226.000000 -13.923000
934320.000000 602940.000000 3226.000000 -15.456000
929650.000000 616420.000000 3709.600000 -20.996000
931210.000000 620160.000000 3306.600000 -13.501000
923440.000000 599200.000000 3387.200000 -6.104000
926350.000000 618170.000000 3387.200000 -20.022000
933740.000000 614170.000000 3709.600000 -10.115000
938400.000000 600940.000000 3387.200000 -14.643000
936460.000000 597950.000000 3387.200000 -15.998000
927910.000000 598700.000000 3306.600000 -1.381100
