921300.000000 596200.000000 3390.200000 -2.832800
921300.000000 597450.000000 3390.200000 -9.495700
921300.000000 598450.000000 3470.800000 -8.281300
921300.000000 599700.000000 3632.000000 -6.564900
921300.000000 600940.000000 3712.600000 -8.104300
921300.000000 602190.000000 3793.200000 -4.433300
921300.000000 603190.000000 3632.000000 -3.483500
921300.000000 604440.000000 3793.200000 -2.704600
921300.000000 605690.000000 3793.200000 -4.631200
921300.000000 606680.000000 3712.600000 -4.298600
921300.000000 607930.000000 3390.200000 -3.297100
921300.000000 609180.000000 3148.400000 -1.661900
921300.000000 610430.000000 3229.000000 -6.042400
921300.000000 611430.000000 2826.000000 -10.535000
921300.000000 612670.000000 2745.400000 -1.606300
921300.000000 613920.000000 2826.000000 -6.512500
921300.000000 614920.000000 2906.600000 -7.137400
921300.000000 616170.000000 3229.000000 -4.227800
921300.000000 617420.000000 3309.600000 -0.821220
921300.000000 618660.000000 3551.400000 -2.629100
921300.000000 619660.000000 3712.600000 -4.252400
921300.000000 620910.000000 3551.400000 -3.136200
922270.000000 596200.000000 3309.600000 4.466400
922270.000000 597450.000000 3390.200000 -13.983000
922270.000000 598450.000000 3390.200000 -11.928000
922270.000000 599700.000000 3470.800000 -9.867600
922270.000000 600940.000000 3632.000000 -8.851800
922270.000000 602190.000000 3712.600000 -5.665600
922270.000000 603190.000000 3632.000000 -6.229400
922270.000000 604440.000000 3551.400000 -4.696400
922270.000000 605690.000000 3712.600000 -6.065500
922270.000000 606680.000000 3632.000000 -2.924800
922270.000000 607930.000000 3470.800000 -0.652430
922270.000000 609180.000000 3309.600000 -3.353600
922270.000000 610430.000000 3067.800000 -6.807700
922270.000000 611430.000000 3148.400000 -21.979000
922270.000000 612670.000000 2906.600000 -7.372100
922270.000000 613920.000000 2987.200000 -7.230600
922270.000000 614920.000000 2906.600000 -7.645600
922270.000000 616170.000000 3148.400000 -6.738400
922270.000000 617420.000000 3309.600000 -3.751400
922270.000000 618660.000000 3712.600000 -4.395000
922270.000000 619660.000000 3873.800000 -3.200100
922270.000000 620910.000000 3551.400000 -4.509000
923050.000000 596200.000000 3309.600000 9.994400
923050.000000 597450.000000 3309.600000 -18.542000
923050.000000 598450.000000 3309.600000 -21.943000
923050.000000 599700.000000 3390.200000 -12.120000
923050.000000 600940.000000 3470.800000 -5.769800
923050.000000 602190.000000 3551.400000 -7.136800
923050.000000 603190.000000 3551.400000 -5.260100
923050.000000 604440.000000 3390.200000 -7.399900
923050.000000 605690.000000 3551.400000 -4.701900
923050.000000 606680.000000 3390.200000 -5.689800
923050.000000 607930.000000 3390.200000 -4.294000
923050.000000 609180.000000 3309.600000 -4.031500
923050.000000 610430.000000 3229.000000 -5.250500
923050.000000 611430.000000 3148.400000 -7.594400
923050.000000 612670.000000 3067.800000 -11.632000
923050.000000 613920.000000 3067.800000 -10.163000
923050.000000 614920.000000 2826.000000 -7.200300
923050.000000 616170.000000 3148.400000 -3.277200
923050.000000 617420.000000 3309.600000 -7.087900
923050.000000 618660.000000 3470.800000 -5.573800
923050.000000 619660.000000 3712.600000 -5.339200
923050.000000 620910.000000 3551.400000 -3.050500
924020.000000 596200.000000 3309.600000 20.139000
924020.000000 597450.000000 3309.600000 -19.516000
924020.000000 598450.000000 3309.600000 -31.806000
924020.000000 599700.000000 3309.600000 -14.638000
924020.000000 600940.000000 3390.200000 -6.571000
924020.000000 602190.000000 3551.400000 -8.788600
924020.000000 603190.000000 3470.800000 -6.891700
924020.000000 604440.000000 3390.200000 -8.804000
924020.000000 605690.000000 3390.200000 -6.032700
924020.000000 606680.000000 3390.200000 -8.131300
924020.000000 607930.000000 3309.600000 -4.159700
924020.000000 609180.000000 3309.600000 -2.677100
924020.000000 610430.000000 3229.000000 -15.077000
924020.000000 611430.000000 3148.400000 0.142860
924020.000000 612670.000000 3229.000000 -19.196000
924020.000000 613920.000000 3229.000000 -7.436500
924020.000000 614920.000000 2987.200000 -6.870700
924020.000000 616170.000000 3148.400000 -6.172400
924020.000000 617420.000000 3229.000000 -7.389200
924020.000000 618660.000000 3390.200000 -6.912700
924020.000000 619660.000000 3551.400000 -3.973100
924020.000000 620910.000000 3712.600000 -7.108700
924990.000000 596200.000000 3229.000000 25.654000
924990.000000 597450.000000 3229.000000 -9.905800
924990.000000 598450.000000 3229.000000 -32.441000
924990.000000 599700.000000 3309.600000 -15.893000
924990.000000 600940.000000 3309.600000 -7.404800
924990.000000 602190.000000 3309.600000 -10.314000
924990.000000 603190.000000 3309.600000 -11.033000
924990.000000 604440.000000 3309.600000 -9.032900
924990.000000 605690.000000 3309.600000 -7.697000
924990.000000 606680.000000 3309.600000 -11.678000
924990.000000 607930.000000 3309.600000 -10.064000
924990.000000 609180.000000 3309.600000 -3.300000
924990.000000 610430.000000 3309.600000 -15.296000
924990.000000 611430.000000 3229.000000 -19.325000
924990.000000 612670.000000 3309.600000 -16.793000
924990.000000 613920.000000 3309.600000 -10.657000
924990.000000 614920.000000 3309.600000 -10.052000
924990.000000 616170.000000 3148.400000 -8.767300
924990.000000 617420.000000 3309.600000 -5.441200
924990.000000 618660.000000 3390.200000 -9.675100
924990.000000 619660.000000 3390.200000 -5.356700
924990.000000 620910.000000 3632.000000 -8.694400
925960.000000 596200.000000 3229.000000 25.605000
925960.000000 597450.000000 3229.000000 -9.163500
925960.000000 598450.000000 3229.000000 -25.727000
925960.000000 599700.000000 3229.000000 -15.466000
925960.000000 600940.000000 3229.000000 -9.594400
925960.000000 602190.000000 3229.000000 -9.519100
925960.000000 603190.000000 3229.000000 -7.300700
925960.000000 604440.000000 3309.600000 -11.225000
925960.000000 605690.000000 3309.600000 -7.788200
925960.000000 606680.000000 3309.600000 -7.545100
925960.000000 607930.000000 3309.600000 -8.745000
925960.000000 609180.000000 3390.200000 -4.906700
925960.000000 610430.000000 3470.800000 -3.462900
925960.000000 611430.000000 3390.200000 -18.041000
925960.000000 612670.000000 3551.400000 -13.720000
925960.000000 613920.000000 3551.400000 -13.061000
925960.000000 614920.000000 3390.200000 -14.959000
925960.000000 616170.000000 3390.200000 -8.544800
925960.000000 617420.000000 3390.200000 -11.320000
925960.000000 618660.000000 3309.600000 -10.588000
925960.000000 619660.000000 3390.200000 -10.102000
925960.000000 620910.000000 3551.400000 -9.215600
926740.000000 596200.000000 3309.600000 27.403000
926740.000000 597450.000000 3309.600000 -8.874700
926740.000000 598450.000000 3229.000000 -19.278000
926740.000000 599700.000000 3229.000000 -6.442100
926740.000000 600940.000000 3229.000000 -6.528800
926740.000000 602190.000000 3229.000000 -10.510000
926740.000000 603190.000000 3229.000000 -10.761000
926740.000000 604440.000000 3309.600000 -8.912600
926740.000000 605690.000000 3309.600000 -6.076500
926740.000000 606680.000000 3309.600000 -8.492000
926740.000000 607930.000000 3390.200000 -6.577800
926740.000000 609180.000000 3390.200000 -7.550200
926740.000000 610430.000000 3470.800000 -3.724400
926740.000000 611430.000000 3632.000000 -13.824000
926740.000000 612670.000000 3712.600000 -10.882000
926740.000000 613920.000000 3712.600000 -14.363000
926740.000000 614920.000000 3551.400000 -13.861000
926740.000000 616170.000000 3632.000000 -12.417000
926740.000000 617420.000000 3470.800000 -11.776000
926740.000000 618660.000000 3390.200000 -13.681000
926740.000000 619660.000000 3390.200000 -11.444000
926740.000000 620910.000000 3551.400000 -10.541000
927710.000000 596200.000000 3390.200000 34.217000
927710.000000 597450.000000 3309.600000 -0.534560
927710.000000 598450.000000 3309.600000 -11.287000
927710.000000 599700.000000 3229.000000 2.943600
927710.000000 600940.000000 3229.000000 -0.701270
927710.000000 602190.000000 3229.000000 -3.967000
927710.000000 603190.000000 3229.000000 -6.184000
927710.000000 604440.000000 3229.000000 -6.428500
927710.000000 605690.000000 3309.600000 -5.637500
927710.000000 606680.000000 3309.600000 -6.403900
927710.000000 607930.000000 3390.200000 -8.711800
927710.000000 609180.000000 3470.800000 -5.632900
927710.000000 610430.000000 3632.000000 -8.201000
927710.000000 611430.000000 3712.600000 -11.915000
927710.000000 612670.000000 3954.400000 -8.881800
927710.000000 613920.000000 3793.200000 -14.007000
927710.000000 614920.000000 3793.200000 -13.438000
927710.000000 616170.000000 3712.600000 -10.065000
927710.000000 617420.000000 3551.400000 -13.387000
927710.000000 618660.000000 3470.800000 -15.116000
927710.000000 619660.000000 3551.400000 -12.286000
927710.000000 620910.000000 3632.000000 -13.353000
928680.000000 596200.000000 3390.200000 38.617000
928680.000000 597450.000000 3390.200000 6.955000
928680.000000 598450.000000 3309.600000 -8.085500
928680.000000 599700.000000 3229.000000 -9.207400
928680.000000 600940.000000 3229.000000 4.422200
928680.000000 602190.000000 3229.000000 6.484700
928680.000000 603190.000000 3229.000000 -0.219420
928680.000000 604440.000000 3229.000000 -0.543540
928680.000000 605690.000000 3309.600000 0.335220
928680.000000 606680.000000 3309.600000 0.621740
928680.000000 607930.000000 3390.200000 1.898100
928680.000000 609180.000000 3470.800000 -0.754750
928680.000000 610430.000000 3632.000000 -7.536900
928680.000000 611430.000000 3873.800000 -11.318000
928680.000000 612670.000000 3873.800000 -11.054000
928680.000000 613920.000000 3873.800000 -12.808000
928680.000000 614920.000000 3954.400000 -12.188000
928680.000000 616170.000000 3712.600000 -12.313000
928680.000000 617420.000000 3632.000000 -14.184000
928680.000000 618660.000000 3551.400000 -14.818000
928680.000000 619660.000000 3551.400000 -17.438000
928680.000000 620910.000000 3712.600000 -12.856000
929460.000000 596200.000000 3309.600000 43.841000
929460.000000 597450.000000 3309.600000 5.068800
929460.000000 598450.000000 3309.600000 -3.401000
929460.000000 599700.000000 3229.000000 -9.045000
929460.000000 600940.000000 3229.000000 -1.934500
929460.000000 602190.000000 3229.000000 5.316500
929460.000000 603190.000000 3229.000000 3.789400
929460.000000 604440.000000 3229.000000 -0.095889
929460.000000 605690.000000 3309.600000 2.385400
929460.000000 606680.000000 3309.600000 3.509000
929460.000000 607930.000000 3390.200000 2.450900
929460.000000 609180.000000 3470.800000 -0.192960
929460.000000 610430.000000 3632.000000 -10.825000
929460.000000 611430.000000 3793.200000 -8.742000
929460.000000 612670.000000 3873.800000 -13.089000
929460.000000 613920.000000 3793.200000 -12.406000
929460.000000 614920.000000 3712.600000 -13.728000
929460.000000 616170.000000 3793.200000 -14.046000
929460.000000 617420.000000 3712.600000 -15.115000
929460.000000 618660.000000 3551.400000 -16.668000
929460.000000 619660.000000 3470.800000 -21.431000
929460.000000 620910.000000 3551.400000 -16.159000
930430.000000 596200.000000 3309.600000 38.626000
930430.000000 597450.000000 3309.600000 6.185300
930430.000000 598450.000000 3309.600000 -3.438800
930430.000000 599700.000000 3309.600000 -7.257900
930430.000000 600940.000000 3229.000000 -5.717500
930430.000000 602190.000000 3229.000000 1.226600
930430.000000 603190.000000 3229.000000 2.704700
930430.000000 604440.000000 3229.000000 -2.345000
930430.000000 605690.000000 3309.600000 4.033500
930430.000000 606680.000000 3309.600000 1.987800
930430.000000 607930.000000 3390.200000 1.790000
930430.000000 609180.000000 3470.800000 3.243300
930430.000000 610430.000000 3632.000000 -8.904000
930430.000000 611430.000000 3712.600000 -8.872300
930430.000000 612670.000000 3793.200000 -11.994000
930430.000000 613920.000000 3712.600000 -15.191000
930430.000000 614920.000000 3632.000000 -11.912000
930430.000000 616170.000000 3390.200000 -16.267000
930430.000000 617420.000000 3470.800000 -17.283000
930430.000000 618660.000000 3390.200000 -21.301000
930430.000000 619660.000000 3309.600000 -23.215000
930430.000000 620910.000000 3309.600000 -21.762000
931400.000000 596200.000000 3309.600000 37.613000
931400.000000 597450.000000 3390.200000 5.809600
931400.000000 598450.000000 3309.600000 -6.239800
931400.000000 599700.000000 3309.600000 -6.229500
931400.000000 600940.000000 3229.000000 -6.827400
931400.000000 602190.000000 3229.000000 -2.603700
931400.000000 603190.000000 3229.000000 -0.798100
931400.000000 604440.000000 3229.000000 0.560370
931400.000000 605690.000000 3229.000000 2.917700
931400.000000 606680.000000 3309.600000 1.774300
931400.000000 607930.000000 3390.200000 2.487400
931400.000000 609180.000000 3390.200000 -0.243560
931400.000000 610430.000000 3551.400000 -3.877500
931400.000000 611430.000000 3712.600000 -10.094000
931400.000000 612670.000000 3873.800000 -14.374000
931400.000000 613920.000000 3793.200000 -13.351000
931400.000000 614920.000000 3793.200000 -9.268000
931400.000000 616170.000000 3390.200000 -16.384000
931400.000000 617420.000000 3229.000000 -20.645000
931400.000000 618660.000000 3229.000000 -25.724000
931400.000000 619660.000000 3309.600000 -27.573000
931400.000000 620910.000000 3148.400000 -27.189000
932380.000000 596200.000000 3390.200000 31.618000
932380.000000 597450.000000 3309.600000 6.245800
932380.000000 598450.000000 3390.200000 -3.903200
932380.000000 599700.000000 3229.000000 -6.934700
932380.000000 600940.000000 3229.000000 -2.397000
932380.000000 602190.000000 3229.000000 -5.442100
932380.000000 603190.000000 3229.000000 1.781700
932380.000000 604440.000000 3229.000000 2.297400
932380.000000 605690.000000 3229.000000 5.238400
932380.000000 606680.000000 3309.600000 3.093600
932380.000000 607930.000000 3309.600000 4.482500
932380.000000 609180.000000 3390.200000 -0.300350
932380.000000 610430.000000 3551.400000 -4.192600
932380.000000 611430.000000 3632.000000 -7.139200
932380.000000 612670.000000 3712.600000 -9.843100
932380.000000 613920.000000 3793.200000 -10.462000
932380.000000 614920.000000 3793.200000 -9.346800
932380.000000 616170.000000 3470.800000 -16.272000
932380.000000 617420.000000 3390.200000 -20.512000
932380.000000 618660.000000 3067.800000 -26.066000
932380.000000 619660.000000 3067.800000 -34.921000
932380.000000 620910.000000 3148.400000 -32.014000
933150.000000 596200.000000 3309.600000 28.443000
933150.000000 597450.000000 3309.600000 6.268300
933150.000000 598450.000000 3309.600000 -1.407700
933150.000000 599700.000000 3309.600000 -5.375300
933150.000000 600940.000000 3229.000000 -3.965200
933150.000000 602190.000000 3229.000000 -3.563300
933150.000000 603190.000000 3229.000000 1.503200
933150.000000 604440.000000 3229.000000 0.494150
933150.000000 605690.000000 3229.000000 4.400500
933150.000000 606680.000000 3229.000000 3.301400
933150.000000 607930.000000 3309.600000 2.649700
933150.000000 609180.000000 3390.200000 1.512300
933150.000000 610430.000000 3390.200000 -3.357100
933150.000000 611430.000000 3551.400000 -3.388300
933150.000000 612670.000000 3712.600000 -7.896700
933150.000000 613920.000000 3793.200000 -9.125800
933150.000000 614920.000000 3712.600000 -6.049200
933150.000000 616170.000000 3632.000000 -14.195000
933150.000000 617420.000000 3229.000000 -17.671000
933150.000000 618660.000000 3148.400000 -28.712000
933150.000000 619660.000000 2906.600000 -38.656000
933150.000000 620910.000000 2987.200000 -39.813000
934120.000000 596200.000000 3390.200000 26.303000
934120.000000 597450.000000 3309.600000 4.767500
934120.000000 598450.000000 3309.600000 -0.197490
934120.000000 599700.000000 3309.600000 -4.115700
934120.000000 600940.000000 3309.600000 1.607200
934120.000000 602190.000000 3229.000000 0.253220
934120.000000 603190.000000 3229.000000 -0.627740
934120.000000 604440.000000 3229.000000 2.167600
934120.000000 605690.000000 3229.000000 1.629000
934120.000000 606680.000000 3229.000000 2.730200
934120.000000 607930.000000 3229.000000 4.755500
934120.000000 609180.000000 3309.600000 -1.522900
934120.000000 610430.000000 3470.800000 -2.892200
934120.000000 611430.000000 3390.200000 -3.979900
934120.000000 612670.000000 3632.000000 -4.997300
934120.000000 613920.000000 3632.000000 -6.317800
934120.000000 614920.000000 3390.200000 -7.133400
934120.000000 616170.000000 3551.400000 -13.825000
934120.000000 617420.000000 3309.600000 -19.190000
934120.000000 618660.000000 3148.400000 -22.967000
934120.000000 619660.000000 3148.400000 -35.218000
934120.000000 620910.000000 2826.000000 -53.238000
935100.000000 596200.000000 3390.200000 25.260000
935100.000000 597450.000000 3309.600000 7.193000
935100.000000 598450.000000 3309.600000 1.813900
935100.000000 599700.000000 3309.600000 -1.252400
935100.000000 600940.000000 3309.600000 -1.706600
935100.000000 602190.000000 3309.600000 -0.122880
935100.000000 603190.000000 3229.000000 3.675500
935100.000000 604440.000000 3148.400000 7.733900
935100.000000 605690.000000 3229.000000 7.771400
935100.000000 606680.000000 3229.000000 6.076800
935100.000000 607930.000000 3229.000000 3.195400
935100.000000 609180.000000 3229.000000 -0.803670
935100.000000 610430.000000 3309.600000 -5.884200
935100.000000 611430.000000 3390.200000 -9.148800
935100.000000 612670.000000 3470.800000 -10.206000
935100.000000 613920.000000 3470.800000 -10.795000
935100.000000 614920.000000 3390.200000 -11.420000
935100.000000 616170.000000 3390.200000 -15.034000
935100.000000 617420.000000 3229.000000 -17.903000
935100.000000 618660.000000 3229.000000 -26.799000
935100.000000 619660.000000 2987.200000 -34.001000
935100.000000 620910.000000 2987.200000 -52.816000
935870.000000 596200.000000 3390.200000 22.339000
935870.000000 597450.000000 3309.600000 8.483800
935870.000000 598450.000000 3309.600000 1.311900
935870.000000 599700.000000 3309.600000 -0.538150
935870.000000 600940.000000 3309.600000 -0.726460
935870.000000 602190.000000 3309.600000 2.646600
935870.000000 603190.000000 3309.600000 2.581200
935870.000000 604440.000000 3229.000000 5.251300
935870.000000 605690.000000 3148.400000 5.240200
935870.000000 606680.000000 3229.000000 8.318100
935870.000000 607930.000000 3229.000000 3.703700
935870.000000 609180.000000 3229.000000 -1.762000
935870.000000 610430.000000 3229.000000 -1.961100
935870.000000 611430.000000 3390.200000 -6.970300
935870.000000 612670.000000 3390.200000 -8.097000
935870.000000 613920.000000 3470.800000 -9.015800
935870.000000 614920.000000 3390.200000 -9.246100
935870.000000 616170.000000 3148.400000 -12.472000
935870.000000 617420.000000 3148.400000 -17.498000
935870.000000 618660.000000 3229.000000 -23.841000
935870.000000 619660.000000 3067.800000 -33.664000
935870.000000 620910.000000 2987.200000 -52.110000
936840.000000 596200.000000 3309.600000 21.436000
936840.000000 597450.000000 3390.200000 8.638800
936840.000000 598450.000000 3390.200000 1.785000
936840.000000 599700.000000 3390.200000 3.783900
936840.000000 600940.000000 3309.600000 1.148700
936840.000000 602190.000000 3390.200000 2.835100
936840.000000 603190.000000 3309.600000 2.997300
936840.000000 604440.000000 3309.600000 6.151600
936840.000000 605690.000000 3148.400000 9.465500
936840.000000 606680.000000 3148.400000 10.155000
936840.000000 607930.000000 3148.400000 1.171800
936840.000000 609180.000000 3229.000000 -1.767900
936840.000000 610430.000000 3229.000000 -3.696900
936840.000000 611430.000000 3309.600000 -6.429300
936840.000000 612670.000000 3309.600000 -8.207100
936840.000000 613920.000000 3470.800000 -6.860600
936840.000000 614920.000000 3309.600000 -6.812100
936840.000000 616170.000000 3229.000000 -16.177000
936840.000000 617420.000000 3148.400000 -18.181000
936840.000000 618660.000000 3067.800000 -27.866000
936840.000000 619660.000000 2987.200000 -34.013000
936840.000000 620910.000000 2987.200000 -54.510000
937820.000000 596200.000000 3309.600000 20.518000
937820.000000 597450.000000 3309.600000 8.331700
937820.000000 598450.000000 3390.200000 1.590800
937820.000000 599700.000000 3470.800000 3.544500
937820.000000 600940.000000 3390.200000 8.231100
937820.000000 602190.000000 3470.800000 3.446000
937820.000000 603190.000000 3390.200000 4.593900
937820.000000 604440.000000 3390.200000 6.505200
937820.000000 605690.000000 3229.000000 12.088000
937820.000000 606680.000000 3148.400000 8.087700
937820.000000 607930.000000 3148.400000 5.024300
937820.000000 609180.000000 3148.400000 -2.595200
937820.000000 610430.000000 3229.000000 -4.337800
937820.000000 611430.000000 3229.000000 -3.064700
937820.000000 612670.000000 3309.600000 -4.503200
937820.000000 613920.000000 3390.200000 -4.774600
937820.000000 614920.000000 3470.800000 -5.808000
937820.000000 616170.000000 3309.600000 -10.768000
937820.000000 617420.000000 3390.200000 -18.508000
937820.000000 618660.000000 3229.000000 -21.957000
937820.000000 619660.000000 3229.000000 -26.546000
937820.000000 620910.000000 3067.800000 -53.885000
938790.000000 596200.000000 3309.600000 20.305000
938790.000000 597450.000000 3309.600000 6.857000
938790.000000 598450.000000 3390.200000 3.847800
938790.000000 599700.000000 3470.800000 5.051800
938790.000000 600940.000000 3470.800000 3.711500
938790.000000 602190.000000 3470.800000 6.611800
938790.000000 603190.000000 3470.800000 2.639600
938790.000000 604440.000000 3390.200000 6.801600
938790.000000 605690.000000 3229.000000 10.201000
938790.000000 606680.000000 3148.400000 11.386000
938790.000000 607930.000000 3148.400000 3.394800
938790.000000 609180.000000 3148.400000 0.990720
938790.000000 610430.000000 3148.400000 -1.945000
938790.000000 611430.000000 3229.000000 -3.443600
938790.000000 612670.000000 3309.600000 -5.597800
938790.000000 613920.000000 3309.600000 -2.524500
938790.000000 614920.000000 3390.200000 -5.917200
938790.000000 616170.000000 3470.800000 -9.414400
938790.000000 617420.000000 3390.200000 -14.479000
938790.000000 618660.000000 3470.800000 -20.243000
938790.000000 619660.000000 3229.000000 -23.131000
938790.000000 620910.000000 3229.000000 -33.903000
939570.000000 596200.000000 3309.600000 16.277000
939570.000000 597450.000000 3309.600000 9.494800
939570.000000 598450.000000 3390.200000 3.404200
939570.000000 599700.000000 3470.800000 1.332900
939570.000000 600940.000000 3551.400000 3.115100
939570.000000 602190.000000 3632.000000 1.391400
939570.000000 603190.000000 3551.400000 4.980700
939570.000000 604440.000000 3390.200000 5.184600
939570.000000 605690.000000 3309.600000 9.784800
939570.000000 606680.000000 3229.000000 7.289500
939570.000000 607930.000000 3148.400000 7.744000
939570.000000 609180.000000 3148.400000 2.053700
939570.000000 610430.000000 3148.400000 -1.100400
939570.000000 611430.000000 3229.000000 -4.060600
939570.000000 612670.000000 3309.600000 -8.052100
939570.000000 613920.000000 3309.600000 -4.543100
939570.000000 614920.000000 3470.800000 -3.720300
939570.000000 616170.000000 3551.400000 -8.782000
939570.000000 617420.000000 3470.800000 -12.272000
939570.000000 618660.000000 3390.200000 -17.248000
939570.000000 619660.000000 3551.400000 -22.674000
939570.000000 620910.000000 3551.400000 -22.147000
940540.000000 596200.000000 3309.600000 8.687500
940540.000000 597450.000000 3309.600000 8.137300
940540.000000 598450.000000 3390.200000 2.788600
940540.000000 599700.000000 3551.400000 1.616600
940540.000000 600940.000000 3712.600000 0.673410
940540.000000 602190.000000 3632.000000 2.183200
940540.000000 603190.000000 3470.800000 0.962010
940540.000000 604440.000000 3390.200000 5.052000
940540.000000 605690.000000 3229.000000 1.624000
940540.000000 606680.000000 3229.000000 0.583910
940540.000000 607930.000000 3067.800000 4.191600
940540.000000 609180.000000 3148.400000 -3.269200
940540.000000 610430.000000 3229.000000 -6.352900
940540.000000 611430.000000 3229.000000 -5.723200
940540.000000 612670.000000 3229.000000 -7.292700
940540.000000 613920.000000 3309.600000 -4.827600
940540.000000 614920.000000 3390.200000 -6.177000
940540.000000 616170.000000 3551.400000 -11.948000
940540.000000 617420.000000 3551.400000 -14.867000
940540.000000 618660.000000 3551.400000 -13.293000
940540.000000 619660.000000 3712.600000 -16.354000
940540.000000 620910.000000 3551.400000 -16.476000
