928290.000000 607180.000000 3309.600000 2.133000
937620.000000 615670.000000 3390.200000 -8.032500
938010.000000 600200.000000 3551.400000 3.820000
924800.000000 617420.000000 3309.600000 -7.477900
923440.000000 600440.000000 3390.200000 -8.668300
936260.000000 609930.000000 3229.000000 -2.323100
931010.000000 599700.000000 3309.600000 -8.040600
931790.000000 618420.000000 3067.800000 -24.609000
925180.000000 611680.000000 3309.600000 -7.694500
936840.000000 603690.000000 3390.200000 4.199900
928100.000000 614670.000000 3873.800000 -11.081000
921880.000000 609180.000000 3309.600000 -2.833300
931990.000000 611680.000000 3712.600000 -5.441400
927710.000000 601940.000000 3229.000000 -2.814200
936260.000000 620660.000000 2826.000000 -67.363000
937430.000000 598200.000000 3390.200000 3.502800
937620.000000 606430.000000 3148.400000 9.056800
927130.000000 598700.000000 3229.000000 -10.930000
931210.000000 605190.000000 3229.000000 2.604100
922850.000000 603190.000000 3632.000000 -7.798100
928290.000000 620410.000000 3632.000000 -13.946000
938400.000000 612920.000000 3309.600000 -4.805600
933740.000000 614420.000000 3551.400000 -8.479700
922850.000000 615420.000000 3067.800000 -9.630800
939180.000000 618170.000000 3309.600000 -15.040000
933350.000000 600940.000000 3309.600000 -1.956400
922660.000000 596700.000000 3309.600000 -7.794000
924210.000000 619660.000000 3551.400000 -5.221100
933930.000000 607180.000000 3229.000000 3.668000
939370.000000 609680.000000 3148.400000 0.250920
933350.000000 596700.000000 3390.200000 17.216000
929070.000000 611680.000000 3954.400000 -10.540000
926350.000000 606680.000000 3309.600000 -7.122100
938980.000000 602940.000000 3632.000000 5.895400
928290.000000 618170.000000 3551.400000 -13.993000
934710.000000 617170.000000 3229.000000 -16.644000
922460.000000 613170.000000 2826.000000 -2.312200
930820.000000 614920.000000 3632.000000 -9.699500
931400.000000 608430.000000 3390.200000 1.955300
921490.000000 607180.000000 3551.400000 -3.673700
940150.000000 597700.000000 3309.600000 6.845000
932960.000000 603190.000000 3229.000000 -1.101600
921690.000000 619410.000000 3793.200000 -4.518200
929270.000000 603690.000000 3229.000000 1.280200
933350.000000 620660.000000 2906.600000 -43.805000
924410.000000 607680.000000 3309.600000 -8.789500
925570.000000 597950.000000 3229.000000 -21.051000
927520.000000 605190.000000 3309.600000 -4.635500
937230.000000 618910.000000 3148.400000 -26.165000
926740.000000 610180.000000 3470.800000 -2.596100
923630.000000 605190.000000 3470.800000 -9.612000
931600.000000 597950.000000 3309.600000 -1.780400
940150.000000 606190.000000 3229.000000 4.130400
936260.000000 601690.000000 3309.600000 1.702800
928880.000000 596450.000000 3390.200000 31.447000
922660.000000 598700.000000 3390.200000 -15.878000
929070.000000 619160.000000 3470.800000 -17.353000
936460.000000 612920.000000 3390.200000 -8.366400
934510.000000 604440.000000 3229.000000 3.421100
940150.000000 619660.000000 3632.000000 -17.422000
931990.000000 616420.000000 3551.400000 -14.230000
934900.000000 599450.000000 3309.600000 0.155990
924990.000000 615420.000000 3309.600000 -9.560100
935100.000000 610930.000000 3309.600000 -4.797600
939950.000000 614670.000000 3390.200000 -6.828700
928290.000000 600940.000000 3229.000000 3.878500
926160.000000 620410.000000 3551.400000 -11.522000
940150.000000 599950.000000 3551.400000 2.251800
925570.000000 600940.000000 3229.000000 -8.294000
931010.000000 619660.000000 3390.200000 -25.692000
929270.000000 598700.000000 3309.600000 -6.090600
929850.000000 602190.000000 3229.000000 2.026700
938010.000000 597450.000000 3309.600000 9.423200
925960.000000 605440.000000 3309.600000 -10.083000
922270.000000 617420.000000 3309.600000 -3.751400
924990.000000 602440.000000 3309.600000 -11.097000
928880.000000 609180.000000 3470.800000 -2.490500
934710.000000 619660.000000 2987.200000 -36.125000
936650.000000 608180.000000 3148.400000 2.030200
930240.000000 617170.000000 3551.400000 -18.569000
926350.000000 613420.000000 3551.400000 -13.375000
936650.000000 615420.000000 3309.600000 -7.421400
923240.000000 611430.000000 3067.800000 -16.064000
932570.000000 598450.000000 3309.600000 -0.581000
924210.000000 609930.000000 3229.000000 -14.869000
940150.000000 612420.000000 3229.000000 -4.790900
932380.000000 609930.000000 3390.200000 -2.049100
931600.000000 601190.000000 3229.000000 -2.422100
930630.000000 612920.000000 3793.200000 -16.233000
927320.000000 616420.000000 3632.000000 -13.526000
937430.000000 610930.000000 3229.000000 -3.861000
935870.000000 605440.000000 3229.000000 8.230400
938590.000000 617420.000000 3390.200000 -16.024000
935680.000000 596950.000000 3309.600000 9.948800
931600.000000 606190.000000 3229.000000 3.076300
923820.000000 597200.000000 3309.600000 -10.542000
938400.000000 619660.000000 3229.000000 -24.919000
925180.000000 603690.000000 3309.600000 -7.970500
935100.000000 603440.000000 3229.000000 1.875300
939950.000000 604190.000000 3470.800000 4.947200
934510.000000 616170.000000 3470.800000 -15.362000
929650.000000 606190.000000 3309.600000 0.734870
930820.000000 611430.000000 3712.600000 -9.089800
921490.000000 600440.000000 3712.600000 -7.733400
927320.000000 610930.000000 3551.400000 -8.321000
921690.000000 611180.000000 2906.600000 -17.757000
940150.000000 608430.000000 3148.400000 3.574000
921690.000000 601690.000000 3793.200000 -5.315500
929850.000000 615170.000000 3632.000000 -9.687400
924210.000000 613170.000000 3067.800000 -11.111000
921690.000000 614670.000000 2906.600000 -6.898100
921690.000000 604690.000000 3793.200000 -6.370200
934900.000000 607930.000000 3229.000000 1.734300
932570.000000 614420.000000 3712.600000 -10.524000
932760.000000 608430.000000 3309.600000 2.940800
929850.000000 596700.000000 3309.600000 25.292000
921690.000000 598200.000000 3470.800000 -8.307100
926550.000000 617920.000000 3390.200000 -12.409000
932760.000000 619410.000000 2906.600000 -36.774000
938400.000000 608430.000000 3148.400000 4.271100
923240.000000 607180.000000 3390.200000 -6.522700
926350.000000 596700.000000 3229.000000 7.117700
925960.000000 598950.000000 3229.000000 -24.483000
928490.000000 603440.000000 3229.000000 0.834910
931210.000000 602190.000000 3229.000000 -0.204750
930430.000000 609930.000000 3551.400000 -5.936000
926350.000000 608930.000000 3390.200000 -5.914000
939180.000000 601940.000000 3470.800000 2.716800
939570.000000 611680.000000 3229.000000 -5.261900
933350.000000 612920.000000 3712.600000 -8.052900
935480.000000 598700.000000 3309.600000 0.187500
927320.000000 613170.000000 3793.200000 -11.084000
936840.000000 617420.000000 3148.400000 -18.181000
940340.000000 617170.000000 3551.400000 -11.627000
928290.000000 597950.000000 3309.600000 -3.001900
939570.000000 597200.000000 3309.600000 10.203000
939370.000000 605190.000000 3309.600000 5.581800
924600.000000 599200.000000 3309.600000 -23.832000
938210.000000 601940.000000 3470.800000 6.252600
934710.000000 606680.000000 3229.000000 4.760300
923440.000000 616420.000000 3067.800000 -4.650200
933930.000000 617920.000000 3148.400000 -23.054000
935290.000000 601190.000000 3309.600000 -1.926300
937040.000000 614670.000000 3390.200000 -4.828200
934510.000000 612180.000000 3470.800000 -5.767800
937820.000000 604440.000000 3390.200000 6.505200
936840.000000 600200.000000 3309.600000 1.089900
932960.000000 604440.000000 3229.000000 2.866600
940150.000000 598700.000000 3390.200000 3.892300
934320.000000 598700.000000 3309.600000 -0.439960
935680.000000 614920.000000 3390.200000 -10.182000
927320.000000 600690.000000 3229.000000 -3.715000
929070.000000 614170.000000 3712.600000 -12.246000
929070.000000 599950.000000 3229.000000 -8.454300
928680.000000 616670.000000 3712.600000 -17.009000
924410.000000 614170.000000 3067.800000 -7.383400
932960.000000 611180.000000 3551.400000 -2.912000
930430.000000 607680.000000 3390.200000 3.911900
922460.000000 619910.000000 3793.200000 -6.289700
934320.000000 620660.000000 3067.800000 -46.079000
930430.000000 603690.000000 3229.000000 -0.137200
921490.000000 616670.000000 3309.600000 -5.552500
934510.000000 608930.000000 3309.600000 0.029425
939180.000000 615420.000000 3470.800000 -8.396500
936840.000000 605690.000000 3148.400000 9.465500
932960.000000 616170.000000 3632.000000 -14.485000
933540.000000 606430.000000 3229.000000 4.983300
930240.000000 620410.000000 3309.600000 -22.269000
922270.000000 618420.000000 3632.000000 -4.638000
927320.000000 607180.000000 3309.600000 -9.935000
928680.000000 610430.000000 3632.000000 -7.536900
924410.000000 606430.000000 3309.600000 -7.549200
925570.000000 617170.000000 3309.600000 -10.910000
925770.000000 618420.000000 3390.200000 -10.505000
924210.000000 608930.000000 3309.600000 -4.599000
925960.000000 612180.000000 3551.400000 -13.052000
921690.000000 609930.000000 3067.800000 -13.323000
923440.000000 614670.000000 2906.600000 -2.758200
931210.000000 596450.000000 3309.600000 29.019000
930820.000000 616170.000000 3390.200000 -15.820000
926930.000000 614420.000000 3712.600000 -13.592000
934900.000000 602190.000000 3309.600000 -0.118540
930820.000000 618420.000000 3390.200000 -22.751000
925180.000000 610680.000000 3309.600000 -15.521000
929270.000000 605190.000000 3309.600000 0.693450
934120.000000 611180.000000 3470.800000 -4.083600
931990.000000 604440.000000 3229.000000 1.056400
934710.000000 596450.000000 3309.600000 23.334000
921690.000000 603440.000000 3712.600000 -3.889700
932570.000000 600440.000000 3309.600000 -5.381800
938980.000000 597950.000000 3309.600000 7.438600
926550.000000 602690.000000 3229.000000 -9.014000
935290.000000 618170.000000 3148.400000 -18.522000
935290.000000 620410.000000 2906.600000 -46.138000
922080.000000 605440.000000 3793.200000 -5.271700
938210.000000 618660.000000 3309.600000 -20.418000
923050.000000 609430.000000 3309.600000 -6.066300
924600.000000 601440.000000 3390.200000 -8.534000
940150.000000 602440.000000 3632.000000 5.658800
935480.000000 611930.000000 3470.800000 -5.603400
923240.000000 610430.000000 3148.400000 -13.103000
927320.000000 619660.000000 3470.800000 -15.278000
931990.000000 613170.000000 3793.200000 -13.462000
939760.000000 620660.000000 3551.400000 -21.616000
923240.000000 618420.000000 3390.200000 -4.931900
936840.000000 611930.000000 3309.600000 -5.581900
936260.000000 596450.000000 3390.200000 18.476000
926160.000000 614920.000000 3470.800000 -12.528000
927130.000000 597450.000000 3309.600000 -8.128200
938210.000000 598950.000000 3390.200000 3.353800
928100.000000 599950.000000 3229.000000 1.923100
923820.000000 597950.000000 3309.600000 -26.289000
924410.000000 603440.000000 3390.200000 -9.550000
940150.000000 613670.000000 3309.600000 -3.344100
936460.000000 606680.000000 3148.400000 7.322400
940340.000000 610930.000000 3148.400000 -4.937900
923440.000000 619910.000000 3632.000000 -7.936000
938400.000000 609430.000000 3148.400000 0.283200
937230.000000 620660.000000 2987.200000 -48.125000
921690.000000 612420.000000 2826.000000 -12.271000
930630.000000 600690.000000 3229.000000 -8.715700
935480.000000 616170.000000 3229.000000 -13.354000
936460.000000 599200.000000 3390.200000 0.574110
933150.000000 602190.000000 3229.000000 -3.563300
938590.000000 606930.000000 3148.400000 8.738500
921690.000000 596450.000000 3390.200000 -4.024000
933930.000000 599950.000000 3309.600000 -4.435200
921690.000000 602690.000000 3712.600000 -5.286300
925180.000000 608680.000000 3309.600000 -6.414400
936650.000000 609180.000000 3229.000000 -4.168700
927910.000000 609930.000000 3551.400000 -6.397200
929460.000000 612920.000000 3954.400000 -12.725000
925960.000000 615920.000000 3470.800000 -10.678000
937820.000000 602690.000000 3470.800000 4.200800
937230.000000 613670.000000 3390.200000 -5.141900
932180.000000 599200.000000 3309.600000 -5.891100
924020.000000 618660.000000 3390.200000 -6.912700
932760.000000 607430.000000 3309.600000 5.076000
928100.000000 612420.000000 3873.800000 -13.409000
938010.000000 614920.000000 3470.800000 -7.847200
928490.000000 602690.000000 3229.000000 3.226300
933350.000000 610180.000000 3390.200000 -3.610000
931790.000000 597200.000000 3390.200000 10.391000
936260.000000 618420.000000 3148.400000 -23.674000
924990.000000 620660.000000 3551.400000 -6.027500
923820.000000 602690.000000 3632.000000 -8.223700
924800.000000 604690.000000 3309.600000 -8.458200
926550.000000 601440.000000 3229.000000 -11.090000
929850.000000 618420.000000 3632.000000 -18.438000
922660.000000 608430.000000 3390.200000 -2.740100
926350.000000 607680.000000 3309.600000 -8.906100
930040.000000 598450.000000 3309.600000 -6.862900
922660.000000 601190.000000 3551.400000 -3.766400
931790.000000 615170.000000 3793.200000 -11.097000
926160.000000 600200.000000 3229.000000 -9.749500
926160.000000 611180.000000 3470.800000 -13.536000
937820.000000 611930.000000 3309.600000 -5.007600
922660.000000 597700.000000 3390.200000 -18.262000
930240.000000 604690.000000 3229.000000 -3.250500
924600.000000 596450.000000 3229.000000 16.272000
938210.000000 613920.000000 3390.200000 -1.278000
931010.000000 609430.000000 3470.800000 -1.028800
928880.000000 615420.000000 3873.800000 -15.259000
931400.000000 620660.000000 3229.000000 -29.755000
925180.000000 612920.000000 3309.600000 -20.867000
922660.000000 601940.000000 3632.000000 -7.359000
931210.000000 610430.000000 3632.000000 -7.341500
929650.000000 610430.000000 3632.000000 -8.906500
931990.000000 603690.000000 3229.000000 -1.947200
935290.000000 609680.000000 3309.600000 -0.153340
930040.000000 608680.000000 3470.800000 2.301400
927910.000000 606190.000000 3309.600000 -6.547000
925570.000000 619660.000000 3470.800000 -6.945100
925570.000000 609680.000000 3309.600000 -1.903300
926740.000000 604190.000000 3229.000000 -7.523700
940150.000000 607430.000000 3148.400000 7.235800
927130.000000 609180.000000 3390.200000 -6.667100
936070.000000 610930.000000 3309.600000 -5.842700
938400.000000 610180.000000 3229.000000 -2.702100
927130.000000 620660.000000 3551.400000 -11.218000
938790.000000 605690.000000 3229.000000 10.201000
922460.000000 616420.000000 3148.400000 -6.364000
931790.000000 607430.000000 3309.600000 3.594400
936260.000000 619660.000000 2987.200000 -36.832000
932960.000000 605440.000000 3229.000000 3.523200
935870.000000 602690.000000 3309.600000 0.986060
927710.000000 615670.000000 3712.600000 -14.958000
925380.000000 606430.000000 3309.600000 -7.880300
922270.000000 606680.000000 3632.000000 -2.924800
923630.000000 606430.000000 3390.200000 -6.837700
940150.000000 609680.000000 3148.400000 -2.056200
937620.000000 609180.000000 3229.000000 -3.110400
922460.000000 611930.000000 3067.800000 -11.816000
928290.000000 598700.000000 3309.600000 -10.455000
932570.000000 617420.000000 3470.800000 -18.805000
923630.000000 603940.000000 3470.800000 -6.583000
929650.000000 616420.000000 3712.600000 -16.940000
935680.000000 600200.000000 3309.600000 -2.613800
937230.000000 605190.000000 3229.000000 7.421600
934900.000000 614170.000000 3470.800000 -9.187200
933740.000000 615420.000000 3470.800000 -10.629000
940340.000000 601190.000000 3712.600000 3.774800
930820.000000 606930.000000 3309.600000 1.527900
924020.000000 615420.000000 3148.400000 -8.827200
940150.000000 618420.000000 3390.200000 -12.750000
929070.000000 601690.000000 3229.000000 6.199300
922660.000000 603940.000000 3551.400000 -6.214300
924210.000000 600200.000000 3309.600000 -9.399500
932380.000000 601440.000000 3229.000000 -4.275700
929270.000000 620660.000000 3470.800000 -19.913000
938210.000000 601190.000000 3390.200000 3.182600
924020.000000 620660.000000 3712.600000 -5.502600
929270.000000 597450.000000 3309.600000 6.317400
939570.000000 616420.000000 3551.400000 -11.955000
922460.000000 614420.000000 2745.400000 -7.433600
933740.000000 603940.000000 3229.000000 2.746400
927320.000000 596450.000000 3390.200000 23.331000
921690.000000 597200.000000 3390.200000 -6.801100
934510.000000 600690.000000 3309.600000 -2.562100
937230.000000 601940.000000 3390.200000 4.423800
931210.000000 612180.000000 3793.200000 -9.828800
926930.000000 612180.000000 3712.600000 -12.011000
927910.000000 608680.000000 3390.200000 -7.403200
930240.000000 613920.000000 3712.600000 -14.066000
937430.000000 596450.000000 3309.600000 18.046000
924210.000000 610930.000000 3229.000000 -16.747000
926740.000000 615670.000000 3632.000000 -12.731000
935680.000000 607430.000000 3229.000000 3.398900
939180.000000 619160.000000 3309.600000 -18.830000
931210.000000 602940.000000 3229.000000 1.898100
934510.000000 618660.000000 3067.800000 -25.370000
931210.000000 617170.000000 3229.000000 -18.018000
921690.000000 615420.000000 3067.800000 -4.469600
925180.000000 614670.000000 3309.600000 -9.239700
935480.000000 604440.000000 3229.000000 7.273100
926550.000000 617170.000000 3470.800000 -11.201000
921690.000000 599200.000000 3551.400000 -7.888500
921490.000000 617920.000000 3390.200000 -5.284200
936650.000000 616420.000000 3229.000000 -16.171000
927320.000000 603190.000000 3229.000000 -9.549200
934120.000000 602940.000000 3229.000000 0.674200
936840.000000 600940.000000 3309.600000 1.148700
940340.000000 604940.000000 3309.600000 6.454900
928880.000000 608180.000000 3390.200000 1.824200
929070.000000 617670.000000 3551.400000 -14.719000
939370.000000 606430.000000 3148.400000 9.432600
933540.000000 609180.000000 3309.600000 1.434000
932180.000000 609180.000000 3390.200000 0.144740
930040.000000 599950.000000 3309.600000 -9.777700
925180.000000 599950.000000 3309.600000 -13.838000
933740.000000 619910.000000 2987.200000 -39.640000
939180.000000 612420.000000 3309.600000 -7.128000
931400.000000 613920.000000 3793.200000 -13.351000
939180.000000 620410.000000 3390.200000 -26.980000
934320.000000 609930.000000 3309.600000 -3.435000
928490.000000 604690.000000 3229.000000 2.154900
939950.000000 603440.000000 3551.400000 4.248900
939180.000000 599200.000000 3390.200000 4.341200
938210.000000 620660.000000 3229.000000 -35.383000
935870.000000 603690.000000 3309.600000 5.133200
932760.000000 618170.000000 3390.200000 -24.012000
937620.000000 616670.000000 3309.600000 -14.717000
934900.000000 597700.000000 3309.600000 2.420700
926930.000000 605940.000000 3309.600000 -7.927200
925380.000000 607680.000000 3309.600000 -8.042500
935680.000000 617170.000000 3229.000000 -15.654000
938980.000000 614420.000000 3390.200000 -3.716300
934710.000000 605690.000000 3229.000000 6.726900
932570.000000 612420.000000 3793.200000 -9.664500
939180.000000 608430.000000 3148.400000 2.095300
924800.000000 597200.000000 3229.000000 -5.852900
937620.000000 617920.000000 3309.600000 -19.532000
921690.000000 608430.000000 3229.000000 -3.243600
929460.000000 607180.000000 3309.600000 4.337800
931990.000000 619660.000000 2987.200000 -31.825000
938010.000000 607430.000000 3148.400000 6.274300
938790.000000 596450.000000 3309.600000 17.725000
927320.000000 618420.000000 3470.800000 -13.011000
922660.000000 599700.000000 3470.800000 -11.024000
933930.000000 605190.000000 3229.000000 5.853200
931210.000000 598700.000000 3309.600000 -7.843800
934710.000000 615170.000000 3390.200000 -9.098800
926350.000000 597950.000000 3229.000000 -16.565000
922660.000000 619160.000000 3712.600000 -7.028300
934120.000000 613420.000000 3632.000000 -9.879700
923440.000000 617670.000000 3309.600000 -6.748500
934900.000000 612920.000000 3470.800000 -8.114000
924990.000000 616170.000000 3148.400000 -8.767300
935680.000000 608680.000000 3229.000000 -0.432200
932380.000000 620410.000000 3067.800000 -33.324000
938790.000000 604190.000000 3470.800000 7.591200
922660.000000 605940.000000 3632.000000 -5.401500
932960.000000 613670.000000 3793.200000 -8.639800
935680.000000 606190.000000 3229.000000 7.553000
930040.000000 611180.000000 3712.600000 -7.871200
939370.000000 600940.000000 3470.800000 4.117900
922460.000000 610680.000000 3229.000000 -15.463000
934120.000000 601690.000000 3309.600000 -0.012698
938400.000000 611430.000000 3229.000000 -3.604700
928100.000000 619160.000000 3470.800000 -18.749000
923240.000000 613670.000000 3148.400000 -8.036400
929650.000000 600940.000000 3229.000000 -4.260800
924210.000000 612180.000000 3309.600000 -11.897000
924800.000000 605440.000000 3309.600000 -13.165000
932760.000000 615170.000000 3793.200000 -12.618000
928680.000000 613170.000000 3873.800000 -14.998000
929460.000000 609680.000000 3551.400000 -4.694300
923630.000000 599200.000000 3309.600000 -20.505000
921690.000000 613670.000000 2826.000000 -8.310800
926350.000000 619160.000000 3390.200000 -10.240000
927710.000000 604190.000000 3229.000000 -5.676800
924990.000000 619160.000000 3390.200000 -9.028500
933930.000000 607930.000000 3229.000000 2.177900
940340.000000 615670.000000 3470.800000 -6.524000
934120.000000 597200.000000 3309.600000 11.067000
932180.000000 602440.000000 3229.000000 -1.484600
922660.000000 620660.000000 3712.600000 -3.000700
938590.000000 616170.000000 3470.800000 -9.045700
924600.000000 598450.000000 3309.600000 -33.616000
925770.000000 604690.000000 3309.600000 -10.706000
937430.000000 619660.000000 3148.400000 -29.543000
933540.000000 618910.000000 3229.000000 -27.517000
925570.000000 613920.000000 3470.800000 -11.950000
929850.000000 602940.000000 3229.000000 3.391900
921690.000000 620660.000000 3712.600000 -2.439000
922850.000000 604940.000000 3551.400000 -7.235300
923440.000000 608180.000000 3390.200000 -3.698100
936460.000000 604690.000000 3229.000000 7.076700
921490.000000 605940.000000 3793.200000 -4.774200
933540.000000 597950.000000 3309.600000 -1.051900
939370.000000 610680.000000 3229.000000 -2.741700
937040.000000 607430.000000 3148.400000 6.677800
939570.000000 617420.000000 3470.800000 -12.272000
933740.000000 616920.000000 3390.200000 -17.704000
937430.000000 599200.000000 3390.200000 5.446200
930240.000000 619160.000000 3390.200000 -20.287000
932760.000000 597700.000000 3390.200000 3.039600
925770.000000 601940.000000 3309.600000 -9.957400
927130.000000 599700.000000 3229.000000 0.853190
940340.000000 620410.000000 3551.400000 -19.408000
937820.000000 603440.000000 3390.200000 6.145200
930430.000000 605940.000000 3309.600000 3.468300
925960.000000 603440.000000 3229.000000 -8.998200
928100.000000 611180.000000 3712.600000 -7.364200
932570.000000 596450.000000 3309.600000 26.800000
930820.000000 597200.000000 3309.600000 11.072000
936260.000000 597950.000000 3390.200000 3.699800
938010.000000 605190.000000 3309.600000 7.244500
935680.000000 613170.000000 3390.200000 -9.270000
923630.000000 601440.000000 3470.800000 -10.277000
933540.000000 611930.000000 3551.400000 -2.788500
924800.000000 618170.000000 3229.000000 -9.370200
931990.000000 610930.000000 3632.000000 -5.156300
925570.000000 596700.000000 3229.000000 7.370800
936260.000000 614170.000000 3470.800000 -7.338100
927320.000000 607930.000000 3390.200000 -6.035200
930430.000000 599200.000000 3309.600000 -9.126900
928100.000000 596700.000000 3390.200000 18.936000
931210.000000 604190.000000 3229.000000 0.487400
937620.000000 608180.000000 3148.400000 0.537640
923240.000000 612670.000000 3067.800000 -14.593000
939370.000000 613420.000000 3309.600000 -6.451300
922080.000000 600440.000000 3551.400000 -6.433200
933150.000000 599200.000000 3309.600000 -5.979300
940150.000000 596450.000000 3309.600000 13.726000
930040.000000 611930.000000 3793.200000 -10.053000
937430.000000 612670.000000 3390.200000 -3.556100
930430.000000 601440.000000 3229.000000 -4.017800
937040.000000 597200.000000 3309.600000 11.722000
938980.000000 600200.000000 3470.800000 4.155500
927910.000000 613920.000000 3793.200000 -13.343000
931600.000000 600200.000000 3309.600000 -7.918700
927710.000000 617170.000000 3632.000000 -14.602000
936840.000000 602690.000000 3390.200000 -0.998710
932180.000000 605190.000000 3229.000000 2.184800
935680.000000 619160.000000 3067.800000 -28.357000
929460.000000 619910.000000 3390.200000 -20.463000
932570.000000 606430.000000 3229.000000 3.716900
937230.000000 609930.000000 3229.000000 -2.075700
930240.000000 597950.000000 3309.600000 -2.424700
928680.000000 605940.000000 3309.600000 2.353700
922080.000000 607680.000000 3551.400000 -4.955900
939370.000000 607680.000000 3148.400000 7.251400
923630.000000 596450.000000 3309.600000 7.176500
924210.000000 616920.000000 3229.000000 -4.178500
