921300.000000 596200.000000 3390.200000 -2.832800
921300.000000 597950.000000 3470.800000 -6.117100
921300.000000 599700.000000 3632.000000 -6.564900
921300.000000 601440.000000 3712.600000 -4.314100
921300.000000 603190.000000 3632.000000 -3.483500
921300.000000 604940.000000 3793.200000 -3.166400
921300.000000 606680.000000 3712.600000 -4.298600
921300.000000 608430.000000 3229.000000 -4.121400
921300.000000 610430.000000 3229.000000 -6.042400
921300.000000 612180.000000 2906.600000 -18.199000
921300.000000 613920.000000 2826.000000 -6.512500
921300.000000 615670.000000 3067.800000 -6.429900
921300.000000 617420.000000 3309.600000 -0.821220
921300.000000 619160.000000 3712.600000 -5.082100
921300.000000 620910.000000 3551.400000 -3.136200
922660.000000 596200.000000 3309.600000 6.667600
922660.000000 597950.000000 3390.200000 -19.423000
922660.000000 599700.000000 3470.800000 -11.024000
922660.000000 601440.000000 3551.400000 -7.203300
922660.000000 603190.000000 3632.000000 -8.308900
922660.000000 604940.000000 3632.000000 -4.030300
922660.000000 606680.000000 3551.400000 -6.212100
922660.000000 608430.000000 3390.200000 -2.740100
922660.000000 610430.000000 3229.000000 -2.945200
922660.000000 612180.000000 2826.000000 -8.671900
922660.000000 613920.000000 2987.200000 -8.682400
922660.000000 615670.000000 3067.800000 -5.103000
922660.000000 617420.000000 3309.600000 -2.843400
922660.000000 619160.000000 3712.600000 -7.028300
922660.000000 620910.000000 3551.400000 -4.505600
924020.000000 596200.000000 3309.600000 20.139000
924020.000000 597950.000000 3309.600000 -25.804000
924020.000000 599700.000000 3309.600000 -14.638000
924020.000000 601440.000000 3470.800000 -5.323100
924020.000000 603190.000000 3470.800000 -6.891700
924020.000000 604940.000000 3390.200000 -7.849000
924020.000000 606680.000000 3390.200000 -8.131300
924020.000000 608430.000000 3390.200000 -4.948400
924020.000000 610430.000000 3229.000000 -15.077000
924020.000000 612180.000000 3229.000000 -12.215000
924020.000000 613920.000000 3229.000000 -7.436500
924020.000000 615670.000000 3067.800000 -8.011700
924020.000000 617420.000000 3229.000000 -7.389200
924020.000000 619160.000000 3470.800000 -7.794400
924020.000000 620910.000000 3712.600000 -7.108700
925380.000000 596200.000000 3229.000000 24.958000
925380.000000 597950.000000 3229.000000 -18.876000
925380.000000 599700.000000 3229.000000 -18.016000
925380.000000 601440.000000 3229.000000 -8.343600
925380.000000 603190.000000 3309.600000 -8.667200
925380.000000 604940.000000 3309.600000 -8.177500
925380.000000 606680.000000 3309.600000 -8.787800
925380.000000 608430.000000 3309.600000 -5.707200
925380.000000 610430.000000 3309.600000 -19.201000
925380.000000 612180.000000 3390.200000 -10.211000
925380.000000 613920.000000 3390.200000 -9.615500
925380.000000 615670.000000 3390.200000 -8.734500
925380.000000 617420.000000 3309.600000 -8.249800
925380.000000 619160.000000 3309.600000 -9.468700
925380.000000 620910.000000 3551.400000 -4.348600
926740.000000 596200.000000 3309.600000 27.403000
926740.000000 597950.000000 3229.000000 -13.962000
926740.000000 599700.000000 3229.000000 -6.442100
926740.000000 601440.000000 3229.000000 -9.769800
926740.000000 603190.000000 3229.000000 -10.761000
926740.000000 604940.000000 3309.600000 -7.549900
926740.000000 606680.000000 3309.600000 -8.492000
926740.000000 608430.000000 3390.200000 -7.105700
926740.000000 610430.000000 3470.800000 -3.724400
926740.000000 612180.000000 3632.000000 -8.851600
926740.000000 613920.000000 3712.600000 -14.363000
926740.000000 615670.000000 3632.000000 -12.731000
926740.000000 617420.000000 3470.800000 -11.776000
926740.000000 619160.000000 3390.200000 -10.368000
926740.000000 620910.000000 3551.400000 -10.541000
928100.000000 596200.000000 3390.200000 34.238000
928100.000000 597950.000000 3309.600000 -5.447200
928100.000000 599700.000000 3229.000000 -0.965080
928100.000000 601440.000000 3229.000000 4.476600
928100.000000 603190.000000 3229.000000 -0.853570
928100.000000 604940.000000 3229.000000 -1.933500
928100.000000 606680.000000 3309.600000 -3.842500
928100.000000 608430.000000 3390.200000 -1.565300
928100.000000 610430.000000 3632.000000 -6.158000
928100.000000 612180.000000 3873.800000 -10.712000
928100.000000 613920.000000 3793.200000 -10.917000
928100.000000 615670.000000 3793.200000 -13.796000
928100.000000 617420.000000 3551.400000 -13.793000
928100.000000 619160.000000 3470.800000 -18.749000
928100.000000 620910.000000 3632.000000 -12.531000
929460.000000 596200.000000 3309.600000 43.841000
929460.000000 597950.000000 3309.600000 -0.842500
929460.000000 599700.000000 3229.000000 -9.045000
929460.000000 601440.000000 3229.000000 2.563500
929460.000000 603190.000000 3229.000000 3.789400
929460.000000 604940.000000 3309.600000 -2.082400
929460.000000 606680.000000 3309.600000 3.509000
929460.000000 608430.000000 3470.800000 1.797700
929460.000000 610430.000000 3632.000000 -10.825000
929460.000000 612180.000000 3954.400000 -13.949000
929460.000000 613920.000000 3793.200000 -12.406000
929460.000000 615670.000000 3793.200000 -14.894000
929460.000000 617420.000000 3712.600000 -15.115000
929460.000000 619160.000000 3390.200000 -21.570000
929460.000000 620910.000000 3551.400000 -16.159000
931010.000000 596200.000000 3309.600000 39.008000
931010.000000 597950.000000 3309.600000 -2.970700
931010.000000 599700.000000 3309.600000 -8.040600
931010.000000 601440.000000 3229.000000 -1.125800
931010.000000 603190.000000 3229.000000 0.181040
931010.000000 604940.000000 3229.000000 1.600400
931010.000000 606680.000000 3309.600000 3.659000
931010.000000 608430.000000 3390.200000 1.354200
931010.000000 610430.000000 3632.000000 -2.728300
931010.000000 612180.000000 3712.600000 -11.114000
931010.000000 613920.000000 3712.600000 -14.636000
931010.000000 615670.000000 3632.000000 -14.933000
931010.000000 617420.000000 3229.000000 -19.279000
931010.000000 619160.000000 3309.600000 -23.656000
931010.000000 620910.000000 3148.400000 -24.898000
932380.000000 596200.000000 3390.200000 31.618000
932380.000000 597950.000000 3309.600000 0.230680
932380.000000 599700.000000 3229.000000 -6.934700
932380.000000 601440.000000 3229.000000 -4.275700
932380.000000 603190.000000 3229.000000 1.781700
932380.000000 604940.000000 3229.000000 3.673600
932380.000000 606680.000000 3309.600000 3.093600
932380.000000 608430.000000 3309.600000 1.907300
932380.000000 610430.000000 3551.400000 -4.192600
932380.000000 612180.000000 3712.600000 -6.918400
932380.000000 613920.000000 3793.200000 -10.462000
932380.000000 615670.000000 3712.600000 -13.729000
932380.000000 617420.000000 3390.200000 -20.512000
932380.000000 619160.000000 2987.200000 -34.734000
932380.000000 620910.000000 3148.400000 -32.014000
933740.000000 596200.000000 3390.200000 26.447000
933740.000000 597950.000000 3309.600000 2.153700
933740.000000 599700.000000 3309.600000 -6.253300
933740.000000 601440.000000 3229.000000 -2.779700
933740.000000 603190.000000 3229.000000 -3.350400
933740.000000 604940.000000 3229.000000 6.432400
933740.000000 606680.000000 3229.000000 5.827900
933740.000000 608430.000000 3309.600000 -2.598700
933740.000000 610430.000000 3390.200000 -3.000900
933740.000000 612180.000000 3551.400000 -7.484000
933740.000000 613920.000000 3632.000000 -6.968700
933740.000000 615670.000000 3390.200000 -11.364000
933740.000000 617420.000000 3148.400000 -18.235000
933740.000000 619160.000000 3229.000000 -30.907000
933740.000000 620910.000000 2826.000000 -51.036000
935100.000000 596200.000000 3390.200000 25.260000
935100.000000 597950.000000 3309.600000 2.127100
935100.000000 599700.000000 3309.600000 -1.252400
935100.000000 601440.000000 3309.600000 -0.733140
935100.000000 603190.000000 3229.000000 3.675500
935100.000000 604940.000000 3229.000000 5.913400
935100.000000 606680.000000 3229.000000 6.076800
935100.000000 608430.000000 3229.000000 0.743140
935100.000000 610430.000000 3309.600000 -5.884200
935100.000000 612180.000000 3470.800000 -7.194000
935100.000000 613920.000000 3470.800000 -10.795000
935100.000000 615670.000000 3229.000000 -13.432000
935100.000000 617420.000000 3229.000000 -17.903000
935100.000000 619160.000000 3067.800000 -30.749000
935100.000000 620910.000000 2987.200000 -52.816000
936460.000000 596200.000000 3309.600000 23.706000
936460.000000 597950.000000 3390.200000 4.676000
936460.000000 599700.000000 3309.600000 -0.356390
936460.000000 601440.000000 3309.600000 -0.564180
936460.000000 603190.000000 3309.600000 4.351300
936460.000000 604940.000000 3229.000000 6.604900
936460.000000 606680.000000 3148.400000 7.322400
936460.000000 608430.000000 3229.000000 1.641200
936460.000000 610430.000000 3229.000000 -3.978700
936460.000000 612180.000000 3309.600000 -6.723300
936460.000000 613920.000000 3470.800000 -5.067600
936460.000000 615670.000000 3309.600000 -8.792000
936460.000000 617420.000000 3067.800000 -17.222000
936460.000000 619160.000000 3067.800000 -26.973000
936460.000000 620910.000000 2906.600000 -57.013000
937820.000000 596200.000000 3309.600000 20.518000
937820.000000 597950.000000 3390.200000 5.557500
937820.000000 599700.000000 3470.800000 3.544500
937820.000000 601440.000000 3390.200000 2.811000
937820.000000 603190.000000 3390.200000 4.593900
937820.000000 604940.000000 3390.200000 8.882300
937820.000000 606680.000000 3148.400000 8.087700
937820.000000 608430.000000 3148.400000 0.358070
937820.000000 610430.000000 3229.000000 -4.337800
937820.000000 612180.000000 3390.200000 -5.367000
937820.000000 613920.000000 3390.200000 -4.774600
937820.000000 615670.000000 3390.200000 -7.179000
937820.000000 617420.000000 3390.200000 -18.508000
937820.000000 619160.000000 3229.000000 -23.426000
937820.000000 620910.000000 3067.800000 -53.885000
939180.000000 596200.000000 3309.600000 17.796000
939180.000000 597950.000000 3390.200000 8.747300
939180.000000 599700.000000 3470.800000 3.716800
939180.000000 601440.000000 3551.400000 1.047600
939180.000000 603190.000000 3551.400000 5.621800
939180.000000 604940.000000 3390.200000 4.086700
939180.000000 606680.000000 3148.400000 8.758300
939180.000000 608430.000000 3148.400000 2.095300
939180.000000 610430.000000 3229.000000 -3.517900
939180.000000 612180.000000 3229.000000 -6.204600
939180.000000 613920.000000 3390.200000 -6.432600
939180.000000 615670.000000 3551.400000 -9.550100
939180.000000 617420.000000 3390.200000 -17.813000
939180.000000 619160.000000 3309.600000 -18.830000
939180.000000 620910.000000 3390.200000 -27.751000
940540.000000 596200.000000 3309.600000 8.687500
940540.000000 597950.000000 3309.600000 3.880600
940540.000000 599700.000000 3551.400000 1.616600
940540.000000 601440.000000 3632.000000 3.610100
940540.000000 603190.000000 3470.800000 0.962010
940540.000000 604940.000000 3309.600000 6.492400
940540.000000 606680.000000 3229.000000 0.583910
940540.000000 608430.000000 3148.400000 -0.516520
940540.000000 610430.000000 3229.000000 -6.352900
940540.000000 612180.000000 3229.000000 -5.618500
940540.000000 613920.000000 3309.600000 -4.827600
940540.000000 615670.000000 3470.800000 -9.160000
940540.000000 617420.000000 3551.400000 -14.867000
940540.000000 619160.000000 3551.400000 -14.444000
940540.000000 620910.000000 3551.400000 -16.476000
