928680.000000 607680.000000 3390.200000 -1.162400
938010.000000 615920.000000 3390.200000 -10.008000
938590.000000 599950.000000 3470.800000 4.550700
928680.000000 616670.000000 3712.600000 -17.009000
926740.000000 598200.000000 3229.000000 -16.239000
922660.000000 612180.000000 2826.000000 -8.671900
932380.000000 607930.000000 3309.600000 4.482500
923630.000000 604190.000000 3470.800000 -8.843900
937040.000000 605190.000000 3229.000000 8.274700
929850.000000 603190.000000 3229.000000 3.379800
921880.000000 620160.000000 3712.600000 -6.196300
935290.000000 598450.000000 3309.600000 0.783380
938590.000000 609680.000000 3148.400000 -2.661500
934900.000000 620410.000000 3067.800000 -42.810000
929460.000000 613170.000000 3873.800000 -14.868000
923240.000000 596700.000000 3309.600000 -1.118600
924410.000000 608180.000000 3309.600000 -7.646100
933740.000000 613170.000000 3712.600000 -4.835200
930430.000000 598450.000000 3309.600000 -3.438800
938790.000000 618910.000000 3470.800000 -20.171000
930820.000000 619160.000000 3390.200000 -23.020000
925770.000000 619410.000000 3390.200000 -8.207500
923630.000000 616170.000000 3067.800000 -9.437600
933740.000000 617420.000000 3148.400000 -18.235000
925380.000000 601440.000000 3229.000000 -8.343600
934710.000000 603190.000000 3229.000000 1.162500
927910.000000 610680.000000 3632.000000 -6.814700
938210.000000 596700.000000 3309.600000 14.503000
939570.000000 604940.000000 3390.200000 4.991600
938590.000000 611930.000000 3229.000000 -5.837300
921690.000000 601690.000000 3793.200000 -5.315500
933540.000000 610430.000000 3390.200000 -6.179800
927910.000000 604690.000000 3229.000000 -2.612400
932960.000000 605440.000000 3229.000000 3.523200
924990.000000 613920.000000 3309.600000 -10.657000
928490.000000 600690.000000 3229.000000 6.386800
929650.000000 610180.000000 3632.000000 -3.509800
922850.000000 605190.000000 3632.000000 -4.887700
931990.000000 601940.000000 3229.000000 -3.223000
939950.000000 601690.000000 3632.000000 2.746500
931400.000000 614920.000000 3793.200000 -9.268000
932180.000000 596700.000000 3390.200000 19.635000
921880.000000 607680.000000 3470.800000 -2.808400
931600.000000 600200.000000 3309.600000 -7.918700
935870.000000 618910.000000 3229.000000 -25.559000
935480.000000 608180.000000 3229.000000 6.030200
924600.000000 597700.000000 3229.000000 -19.994000
940150.000000 615670.000000 3470.800000 -9.964400
935870.000000 610930.000000 3309.600000 -5.082300
928290.000000 618420.000000 3551.400000 -14.053000
930430.000000 605440.000000 3229.000000 -0.803100
922080.000000 616920.000000 3148.400000 -5.416900
939950.000000 597950.000000 3390.200000 5.774300
924990.000000 610930.000000 3309.600000 -18.621000
926740.000000 613670.000000 3712.600000 -11.777000
935100.000000 613920.000000 3470.800000 -10.795000
936070.000000 601190.000000 3309.600000 -0.039243
939760.000000 607430.000000 3148.400000 6.443700
926740.000000 603690.000000 3229.000000 -11.066000
923050.000000 601690.000000 3551.400000 -7.262900
927130.000000 607180.000000 3309.600000 -9.857400
938400.000000 613670.000000 3309.600000 -3.995400
923440.000000 599700.000000 3390.200000 -13.604000
923240.000000 610180.000000 3148.400000 -11.658000
928290.000000 620410.000000 3632.000000 -13.946000
931210.000000 617420.000000 3229.000000 -20.506000
930630.000000 596950.000000 3309.600000 19.662000
938210.000000 603690.000000 3390.200000 4.605100
931990.000000 612420.000000 3793.200000 -10.121000
930820.000000 607930.000000 3390.200000 1.930800
933150.000000 599950.000000 3309.600000 -6.140700
925180.000000 603690.000000 3309.600000 -7.970500
935100.000000 616170.000000 3390.200000 -15.034000
924600.000000 606930.000000 3309.600000 -7.227500
921880.000000 614420.000000 2745.400000 -4.152800
938010.000000 606930.000000 3148.400000 6.859200
926550.000000 609680.000000 3390.200000 -2.682800
923440.000000 617420.000000 3309.600000 -6.574700
934900.000000 606930.000000 3229.000000 6.186300
936840.000000 597950.000000 3390.200000 3.443000
929270.000000 596950.000000 3309.600000 14.667000
923440.000000 620410.000000 3793.200000 -3.629100
927710.000000 615420.000000 3712.600000 -14.427000
926740.000000 600940.000000 3229.000000 -6.528800
926160.000000 616420.000000 3470.800000 -9.305400
939180.000000 616670.000000 3470.800000 -10.529000
924990.000000 599950.000000 3309.600000 -10.675000
935290.000000 596950.000000 3309.600000 12.897000
921880.000000 611180.000000 2987.200000 -18.390000
937230.000000 602440.000000 3390.200000 2.759000
935680.000000 605190.000000 3229.000000 10.095000
932380.000000 603690.000000 3229.000000 0.318200
921690.000000 602940.000000 3632.000000 -5.245500
932380.000000 597700.000000 3309.600000 2.509800
930430.000000 601190.000000 3229.000000 -6.968900
939950.000000 609930.000000 3148.400000 -2.748100
925960.000000 606430.000000 3309.600000 -9.104300
932180.000000 620160.000000 3148.400000 -32.080000
939950.000000 612670.000000 3229.000000 -6.403200
926350.000000 618170.000000 3390.200000 -10.989000
932570.000000 609430.000000 3390.200000 -1.532300
921880.000000 618420.000000 3551.400000 -4.374400
933350.000000 618910.000000 3148.400000 -28.813000
939760.000000 620410.000000 3551.400000 -20.625000
937230.000000 618420.000000 3229.000000 -22.267000
934320.000000 601440.000000 3309.600000 1.182800
936260.000000 620410.000000 2826.000000 -46.264000
931990.000000 598700.000000 3309.600000 -4.905300
933740.000000 616170.000000 3551.400000 -14.342000
926160.000000 596950.000000 3229.000000 -1.100100
928100.000000 597950.000000 3309.600000 -5.447200
935680.000000 612420.000000 3390.200000 -7.764300
926350.000000 599450.000000 3229.000000 -12.600000
932570.000000 614170.000000 3712.600000 -8.289000
921880.000000 599200.000000 3470.800000 -7.407800
939760.000000 599200.000000 3390.200000 -0.397090
939950.000000 617670.000000 3470.800000 -16.428000
927710.000000 602190.000000 3229.000000 -3.967000
928880.000000 611680.000000 3954.400000 -9.606500
930040.000000 614420.000000 3712.600000 -14.130000
928290.000000 609180.000000 3470.800000 -5.532800
939950.000000 600440.000000 3632.000000 3.515900
924990.000000 609680.000000 3309.600000 -2.228400
936460.000000 599450.000000 3309.600000 0.596110
932570.000000 617170.000000 3470.800000 -19.880000
939950.000000 596700.000000 3309.600000 12.211000
925570.000000 612420.000000 3470.800000 -12.934000
933930.000000 608680.000000 3309.600000 0.220650
927320.000000 612180.000000 3793.200000 -11.159000
923440.000000 614420.000000 2987.200000 -4.402600
937040.000000 608180.000000 3148.400000 5.997300
939570.000000 602940.000000 3632.000000 5.274800
936260.000000 617420.000000 3067.800000 -20.737000
933350.000000 606930.000000 3229.000000 5.070800
923820.000000 611680.000000 3148.400000 -20.095000
931790.000000 606680.000000 3309.600000 2.769000
934320.000000 599450.000000 3309.600000 -1.710400
931010.000000 609430.000000 3470.800000 -1.028800
928680.000000 605940.000000 3309.600000 2.353700
924800.000000 615420.000000 3309.600000 -8.979500
927320.000000 619160.000000 3390.200000 -11.733000
936460.000000 613670.000000 3470.800000 -8.351400
937430.000000 614670.000000 3390.200000 -6.904000
924410.000000 602440.000000 3632.000000 -8.382200
934710.000000 619160.000000 2987.200000 -30.491000
925180.000000 598700.000000 3229.000000 -31.888000
932380.000000 615670.000000 3712.600000 -13.729000
929460.000000 619160.000000 3390.200000 -21.570000
923440.000000 598450.000000 3309.600000 -26.057000
937230.000000 611180.000000 3309.600000 -4.929700
921880.000000 606190.000000 3712.600000 -4.148700
928880.000000 614670.000000 3873.800000 -14.438000
933740.000000 598200.000000 3309.600000 1.034600
925960.000000 604940.000000 3309.600000 -13.610000
934510.000000 611680.000000 3390.200000 -5.199100
923240.000000 607680.000000 3390.200000 -2.989300
939950.000000 613920.000000 3390.200000 -6.046900
927910.000000 599450.000000 3229.000000 -4.189300
938400.000000 605440.000000 3229.000000 10.439000
936840.000000 616170.000000 3229.000000 -16.177000
926350.000000 611180.000000 3470.800000 -12.003000
931990.000000 610680.000000 3632.000000 -3.707300
934900.000000 609930.000000 3309.600000 -3.218200
929850.000000 617670.000000 3632.000000 -16.057000
938590.000000 597950.000000 3309.600000 6.684000
936260.000000 603690.000000 3309.600000 5.544400
921880.000000 597950.000000 3470.800000 -11.770000
938210.000000 620410.000000 3148.400000 -34.393000
936460.000000 606680.000000 3148.400000 7.322400
939760.000000 606190.000000 3229.000000 7.402500
921880.000000 604440.000000 3712.600000 -4.068700
933150.000000 601190.000000 3229.000000 -2.619300
927320.000000 617170.000000 3632.000000 -11.407000
926350.000000 614920.000000 3470.800000 -12.033000
934320.000000 605690.000000 3229.000000 5.113000
924410.000000 605440.000000 3309.600000 -8.299500
926160.000000 602440.000000 3229.000000 -13.085000
938010.000000 617420.000000 3390.200000 -16.012000
923820.000000 613170.000000 2987.200000 -3.874800
924020.000000 600940.000000 3390.200000 -6.571000
924990.000000 617170.000000 3229.000000 -7.512900
930430.000000 612420.000000 3793.200000 -11.452000
921880.000000 609430.000000 3229.000000 -3.976700
930630.000000 611180.000000 3712.600000 -9.060800
928100.000000 613420.000000 3873.800000 -13.001000
924990.000000 596700.000000 3229.000000 5.246800
922080.000000 600440.000000 3551.400000 -6.433200
937230.000000 609930.000000 3229.000000 -2.075700
931010.000000 602690.000000 3229.000000 2.437000
923050.000000 602940.000000 3551.400000 -7.267200
939950.000000 611430.000000 3148.400000 -3.856000
933930.000000 596700.000000 3390.200000 17.503000
926550.000000 620410.000000 3470.800000 -11.326000
929070.000000 598700.000000 3309.600000 -6.753600
935680.000000 602440.000000 3309.600000 0.616270
933350.000000 602940.000000 3229.000000 -2.566500
924600.000000 618660.000000 3309.600000 -8.345600
929650.000000 615920.000000 3712.600000 -13.509000
939950.000000 619160.000000 3551.400000 -16.204000
931210.000000 613670.000000 3793.200000 -10.617000
927710.000000 596700.000000 3390.200000 18.505000
937430.000000 612670.000000 3390.200000 -3.556100
938400.000000 608430.000000 3148.400000 4.271100
929650.000000 620410.000000 3390.200000 -19.554000
922080.000000 615670.000000 3067.800000 -6.468600
930040.000000 606680.000000 3309.600000 2.510600
927320.000000 608430.000000 3390.200000 -4.624800
929650.000000 608680.000000 3470.800000 3.769200
933150.000000 611930.000000 3632.000000 -6.086100
934120.000000 604440.000000 3229.000000 2.167600
929270.000000 601940.000000 3229.000000 4.781300
936070.000000 609430.000000 3229.000000 -1.665800
927130.000000 605690.000000 3309.600000 -5.138600
929270.000000 604690.000000 3229.000000 -1.339300
928490.000000 603190.000000 3229.000000 -1.089900
930820.000000 603940.000000 3229.000000 -1.267400
933540.000000 620410.000000 2826.000000 -48.489000
924800.000000 620410.000000 3551.400000 -6.693900
921880.000000 613170.000000 2745.400000 -6.077300
937430.000000 600690.000000 3390.200000 3.232000
931600.000000 605190.000000 3229.000000 2.699000
923240.000000 608930.000000 3309.600000 -3.971700
921880.000000 596700.000000 3390.200000 -9.084200
925770.000000 608180.000000 3309.600000 -6.223300
936840.000000 596700.000000 3309.600000 16.215000
937820.000000 598950.000000 3390.200000 4.486700
933930.000000 614920.000000 3390.200000 -10.689000
939950.000000 603940.000000 3470.800000 4.721000
935100.000000 617670.000000 3229.000000 -17.863000
923050.000000 618910.000000 3551.400000 -3.705000
923240.000000 606430.000000 3551.400000 -2.868900
931990.000000 618660.000000 2987.200000 -27.757000
939950.000000 608680.000000 3148.400000 5.577600
936070.000000 614920.000000 3309.600000 -7.657900
938790.000000 610680.000000 3148.400000 -2.746200
931010.000000 620410.000000 3229.000000 -25.928000
937230.000000 619660.000000 3148.400000 -30.694000
929850.000000 599950.000000 3309.600000 -10.515000
930820.000000 616170.000000 3390.200000 -15.820000
938980.000000 614920.000000 3390.200000 -4.534700
935100.000000 600200.000000 3309.600000 -2.577200
938590.000000 601690.000000 3470.800000 3.242800
