936460.000000 620410.000000 2906.600000 -44.007000
935290.000000 612180.000000 3470.800000 -3.652700
935100.000000 612180.000000 3470.800000 -7.194000
939760.000000 617920.000000 3390.200000 -14.657000
936840.000000 617920.000000 3067.800000 -20.119000
933540.000000 613170.000000 3712.600000 -10.590000
937040.000000 616920.000000 3148.400000 -17.378000
940340.000000 609680.000000 3148.400000 -4.969200
932760.000000 620410.000000 2987.200000 -39.089000
940540.000000 616170.000000 3551.400000 -11.948000
932760.000000 613920.000000 3793.200000 -8.891600
931790.000000 620160.000000 3309.600000 -30.794000
934510.000000 614420.000000 3470.800000 -11.269000
935290.000000 616420.000000 3390.200000 -11.553000
933540.000000 613670.000000 3632.000000 -7.667800
934510.000000 612670.000000 3551.400000 -7.494500
936460.000000 612180.000000 3309.600000 -6.723300
937230.000000 610180.000000 3229.000000 -3.785600
932570.000000 609180.000000 3390.200000 -2.850500
935290.000000 609430.000000 3229.000000 -0.324610
938980.000000 614170.000000 3390.200000 -1.782700
933740.000000 613420.000000 3712.600000 -8.431800
938790.000000 611430.000000 3229.000000 -3.443600
940340.000000 617670.000000 3470.800000 -11.981000
931600.000000 620160.000000 3309.600000 -26.520000
934320.000000 618910.000000 3067.800000 -26.465000
935870.000000 612180.000000 3390.200000 -5.578200
934900.000000 617170.000000 3309.600000 -17.086000
936070.000000 614920.000000 3309.600000 -7.657900
932960.000000 610930.000000 3470.800000 -4.968100
936460.000000 615420.000000 3309.600000 -10.363000
931600.000000 619660.000000 3229.000000 -29.412000
935480.000000 615920.000000 3229.000000 -12.252000
938790.000000 616670.000000 3390.200000 -13.375000
934510.000000 616670.000000 3390.200000 -14.455000
935290.000000 614670.000000 3470.800000 -11.210000
938010.000000 614170.000000 3390.200000 -4.518700
936260.000000 612670.000000 3390.200000 -9.759100
938590.000000 619160.000000 3309.600000 -22.532000
935870.000000 610680.000000 3229.000000 -4.408800
939760.000000 614670.000000 3390.200000 -4.651300
935870.000000 614420.000000 3390.200000 -10.483000
938400.000000 617670.000000 3309.600000 -17.521000
935870.000000 612670.000000 3390.200000 -8.097000
933930.000000 614170.000000 3712.600000 -10.089000
937230.000000 610680.000000 3229.000000 -5.818900
936070.000000 611430.000000 3309.600000 -5.791400
931400.000000 617170.000000 3148.400000 -18.063000
929850.000000 618420.000000 3632.000000 -18.438000
929460.000000 618660.000000 3551.400000 -16.668000
927520.000000 614670.000000 3712.600000 -12.984000
922850.000000 610930.000000 3229.000000 -6.260900
927710.000000 612670.000000 3954.400000 -8.881800
925770.000000 613670.000000 3470.800000 -15.071000
925770.000000 610180.000000 3390.200000 1.888600
929850.000000 619160.000000 3470.800000 -18.987000
927130.000000 619410.000000 3470.800000 -14.856000
929070.000000 615920.000000 3873.800000 -13.287000
922850.000000 614170.000000 2987.200000 -7.221500
922460.000000 620910.000000 3551.400000 -3.545400
926740.000000 613920.000000 3712.600000 -14.363000
924990.000000 609930.000000 3309.600000 -3.879000
925180.000000 609930.000000 3309.600000 -2.762400
926160.000000 609430.000000 3390.200000 -1.241600
925180.000000 613920.000000 3390.200000 -11.465000
921300.000000 617170.000000 3390.200000 -3.374900
923050.000000 614170.000000 3067.800000 -5.589900
924020.000000 610930.000000 3148.400000 -11.688000
921490.000000 612420.000000 2906.600000 -20.158000
926160.000000 613420.000000 3470.800000 -13.407000
929270.000000 609430.000000 3551.400000 0.330390
924600.000000 610180.000000 3229.000000 -14.156000
924410.000000 608680.000000 3309.600000 -3.356300
924990.000000 613420.000000 3067.800000 -10.143000
923820.000000 614170.000000 3067.800000 -9.461700
929070.000000 611430.000000 3793.200000 -10.369000
929850.000000 602690.000000 3229.000000 5.916000
929650.000000 602940.000000 3229.000000 3.339300
928880.000000 608430.000000 3470.800000 0.590260
930630.000000 608430.000000 3390.200000 1.529900
930630.000000 602690.000000 3229.000000 2.049000
925380.000000 601190.000000 3229.000000 -9.201800
926550.000000 598450.000000 3229.000000 -18.785000
928680.000000 598950.000000 3309.600000 -10.969000
925960.000000 606430.000000 3309.600000 -9.104300
930040.000000 601190.000000 3229.000000 -2.754100
929650.000000 601190.000000 3229.000000 -3.440800
926550.000000 596200.000000 3309.600000 26.603000
927710.000000 606930.000000 3309.600000 -3.829400
926740.000000 600690.000000 3229.000000 -7.361500
926550.000000 604440.000000 3309.600000 -10.348000
923820.000000 602190.000000 3551.400000 -7.641000
928880.000000 599450.000000 3229.000000 -10.766000
927130.000000 603190.000000 3229.000000 -9.304600
924990.000000 606190.000000 3309.600000 -9.113500
928680.000000 602440.000000 3229.000000 5.831600
928290.000000 607180.000000 3309.600000 2.133000
922080.000000 601690.000000 3712.600000 -5.656000
925380.000000 599450.000000 3229.000000 -23.377000
925960.000000 601440.000000 3229.000000 -9.745800
930240.000000 599200.000000 3309.600000 -8.437600
922850.000000 596200.000000 3309.600000 5.877600
923240.000000 605690.000000 3551.400000 -4.012200
926350.000000 600690.000000 3229.000000 -11.908000
923630.000000 605940.000000 3470.800000 -8.163900
923050.000000 596950.000000 3309.600000 -9.038000
922660.000000 600690.000000 3551.400000 -7.572600
927320.000000 598950.000000 3229.000000 -9.656900
925960.000000 603190.000000 3229.000000 -7.300700
930040.000000 603940.000000 3229.000000 -1.362200
924990.000000 602440.000000 3309.600000 -11.097000
930430.000000 598450.000000 3309.600000 -3.438800
926160.000000 599450.000000 3229.000000 -15.006000
928680.000000 607930.000000 3390.200000 1.898100
921490.000000 596700.000000 3390.200000 -5.177700
926350.000000 596700.000000 3229.000000 7.117700
930630.000000 601940.000000 3229.000000 0.237580
929850.000000 597950.000000 3309.600000 1.428300
926350.000000 596950.000000 3229.000000 -2.564000
930430.000000 603190.000000 3229.000000 2.704700
927320.000000 604440.000000 3229.000000 -8.274000
924020.000000 607430.000000 3390.200000 -3.264400
928880.000000 597950.000000 3390.200000 -1.536100
922460.000000 600690.000000 3551.400000 -8.060700
921690.000000 606430.000000 3712.600000 -7.427600
929460.000000 602440.000000 3229.000000 7.169000
930240.000000 607930.000000 3390.200000 3.221800
921300.000000 603690.000000 3873.800000 -4.400900
930820.000000 604190.000000 3229.000000 -1.124600
924800.000000 604440.000000 3309.600000 -7.981800
924020.000000 606930.000000 3390.200000 -4.026500
922850.000000 603440.000000 3470.800000 -6.109900
923630.000000 596700.000000 3309.600000 0.356420
925380.000000 608430.000000 3309.600000 -5.707200
923240.000000 607180.000000 3390.200000 -6.522700
923630.000000 604940.000000 3390.200000 -3.341700
922460.000000 608430.000000 3390.200000 -5.861200
922460.000000 599700.000000 3470.800000 -9.909900
930040.000000 597200.000000 3309.600000 12.186000
925380.000000 596700.000000 3229.000000 7.900700
921300.000000 601940.000000 3793.200000 -3.898600
930820.000000 603940.000000 3229.000000 -1.267400
926160.000000 599950.000000 3229.000000 -10.805000
930240.000000 597700.000000 3309.600000 2.341200
929650.000000 596200.000000 3309.600000 40.065000
922080.000000 597950.000000 3470.800000 -11.702000
930820.000000 607680.000000 3390.200000 3.060300
930240.000000 604940.000000 3229.000000 1.888400
929270.000000 606930.000000 3309.600000 3.212900
923630.000000 601940.000000 3470.800000 -6.879400
922080.000000 596450.000000 3390.200000 -4.735300
927320.000000 600690.000000 3229.000000 -3.715000
929460.000000 605190.000000 3309.600000 0.051571
923820.000000 607680.000000 3390.200000 -4.339900
929460.000000 599200.000000 3309.600000 -8.959900
930430.000000 605940.000000 3309.600000 3.468300
924600.000000 597450.000000 3229.000000 -16.599000
925770.000000 597700.000000 3229.000000 -17.506000
929850.000000 597200.000000 3309.600000 10.472000
921880.000000 598450.000000 3470.800000 -11.860000
926160.000000 602940.000000 3229.000000 -11.626000
926160.000000 603190.000000 3229.000000 -11.347000
929850.000000 600940.000000 3229.000000 -4.693800
930820.000000 600440.000000 3309.600000 -6.699400
927710.000000 599700.000000 3229.000000 2.943600
928490.000000 607930.000000 3390.200000 0.991840
922460.000000 607430.000000 3470.800000 -3.751300
924990.000000 607680.000000 3309.600000 -6.935700
926930.000000 605940.000000 3309.600000 -7.927200
925770.000000 606190.000000 3309.600000 -11.281000
930040.000000 603440.000000 3229.000000 0.039091
930040.000000 599450.000000 3309.600000 -9.550600
930820.000000 604940.000000 3229.000000 0.502470
928490.000000 599700.000000 3229.000000 -7.115600
930240.000000 603440.000000 3229.000000 4.955700
926160.000000 607680.000000 3390.200000 -7.577400
928100.000000 606930.000000 3309.600000 -1.922500
928490.000000 601440.000000 3229.000000 7.262400
929650.000000 598950.000000 3309.600000 -6.529400
922660.000000 606680.000000 3551.400000 -6.212100
927910.000000 598450.000000 3309.600000 -11.000000
921690.000000 605440.000000 3793.200000 -4.035600
923440.000000 602690.000000 3551.400000 -6.967000
924800.000000 603690.000000 3309.600000 -9.515400
921690.000000 596450.000000 3390.200000 -4.024000
930430.000000 599700.000000 3309.600000 -7.257900
921300.000000 608430.000000 3229.000000 -4.121400
924020.000000 599200.000000 3309.600000 -21.851000
925180.000000 604690.000000 3309.600000 -10.326000
923240.000000 600690.000000 3470.800000 -10.864000
924020.000000 596700.000000 3309.600000 4.123600
923050.000000 607680.000000 3470.800000 -4.529400
923050.000000 602190.000000 3551.400000 -7.136800
926740.000000 597950.000000 3229.000000 -13.962000
923820.000000 602440.000000 3632.000000 -4.828400
925960.000000 608430.000000 3309.600000 -6.349500
924020.000000 607180.000000 3390.200000 -8.616500
922270.000000 599450.000000 3470.800000 -9.234500
923240.000000 598700.000000 3390.200000 -21.445000
927520.000000 600200.000000 3229.000000 2.892100
921690.000000 604190.000000 3793.200000 -4.752800
930820.000000 606190.000000 3309.600000 2.989300
928680.000000 605440.000000 3309.600000 1.759300
923050.000000 604440.000000 3390.200000 -7.399900
930240.000000 596700.000000 3309.600000 22.282000
928680.000000 597450.000000 3390.200000 6.955000
926930.000000 599450.000000 3229.000000 -2.255400
928490.000000 596950.000000 3309.600000 15.919000
921300.000000 605440.000000 3793.200000 -6.030300
929650.000000 606190.000000 3309.600000 0.734870
925380.000000 597950.000000 3229.000000 -18.876000
928290.000000 607680.000000 3390.200000 0.880570
925570.000000 601940.000000 3309.600000 -10.156000
924410.000000 599950.000000 3309.600000 -10.809000
930630.000000 605690.000000 3229.000000 2.535300
927710.000000 598950.000000 3229.000000 -9.311900
929850.000000 607180.000000 3309.600000 5.223300
922460.000000 599950.000000 3470.800000 -9.176300
928100.000000 601190.000000 3229.000000 4.335000
937620.000000 607680.000000 3148.400000 5.304600
938400.000000 604940.000000 3309.600000 7.720100
932180.000000 598950.000000 3309.600000 -2.948900
933740.000000 604940.000000 3229.000000 6.432400
938210.000000 605440.000000 3229.000000 7.199900
932570.000000 602690.000000 3229.000000 1.383200
940150.000000 608180.000000 3148.400000 0.278210
936070.000000 602190.000000 3309.600000 1.323600
934510.000000 605440.000000 3229.000000 4.514500
935870.000000 599200.000000 3309.600000 1.718200
933930.000000 607680.000000 3229.000000 3.304800
938790.000000 596450.000000 3309.600000 17.725000
937820.000000 597950.000000 3390.200000 5.557500
932760.000000 603440.000000 3229.000000 -1.025600
933350.000000 601440.000000 3229.000000 -2.051700
937430.000000 599700.000000 3390.200000 1.128300
940150.000000 608430.000000 3148.400000 3.574000
932180.000000 607680.000000 3309.600000 6.135300
937620.000000 599950.000000 3470.800000 2.350300
936840.000000 606680.000000 3148.400000 10.155000
936650.000000 598950.000000 3309.600000 4.080700
937620.000000 596450.000000 3309.600000 19.749000
935290.000000 608430.000000 3229.000000 2.971000
