4616343.000000 1810038.000000 3046.000000 -26.001180
4623741.000000 1816464.000000 3556.000000 -10.848480
4621576.000000 1803197.000000 2961.000000 -22.651130
4614900.000000 1819159.000000 2536.000000 -27.936420
4615080.000000 1804648.000000 2706.000000 -27.404710
4627169.000000 1808587.000000 3641.000000 3.127466
4610389.000000 1812940.000000 2536.000000 -30.993800
4626989.000000 1805685.000000 3046.000000 -12.252980
4622658.000000 1812733.000000 3811.000000 -4.636846
4612013.000000 1800917.000000 2621.000000 -20.364930
4623019.000000 1807965.000000 3301.000000 -9.481078
4610570.000000 1807551.000000 2621.000000 -15.541670
4616163.000000 1815013.000000 2961.000000 -17.018540
4619230.000000 1819574.000000 2876.000000 -28.623910
4610570.000000 1818952.000000 2026.000000 -4.150827
4619952.000000 1814184.000000 3471.000000 -3.388516
4624643.000000 1820403.000000 2961.000000 -20.700620
4625906.000000 1815013.000000 3471.000000 -11.783270
4624463.000000 1802161.000000 2961.000000 -23.830250
4618148.000000 1807136.000000 2961.000000 -34.918300
4614720.000000 1801746.000000 2621.000000 -22.352580
4613818.000000 1811282.000000 2706.000000 -15.904660
4618689.000000 1802575.000000 2876.000000 -27.969490
4613276.000000 1806929.000000 2706.000000 -20.773740
4613096.000000 1815428.000000 2451.000000 -5.034033
4619591.000000 1807758.000000 3131.000000 -1.122194
4627169.000000 1818952.000000 3046.000000 -17.572210
4619591.000000 1816464.000000 3386.000000 -22.443120
4620854.000000 1818952.000000 3131.000000 -27.068640
4612013.000000 1804441.000000 2621.000000 -16.264930
4621576.000000 1805685.000000 3046.000000 -29.686780
4621576.000000 1810660.000000 3471.000000 0.052687
4611472.000000 1809624.000000 2621.000000 -20.279580
4619050.000000 1811489.000000 3556.000000 -4.894020
4613096.000000 1819574.000000 2196.000000 -4.554973
4627169.000000 1801539.000000 2791.000000 -22.551750
4625726.000000 1810867.000000 3896.000000 -6.356823
4618869.000000 1804027.000000 2791.000000 -12.769840
4612013.000000 1818537.000000 2026.000000 -2.006725
4616885.000000 1806929.000000 2876.000000 -36.455840
4618328.000000 1816257.000000 3216.000000 -17.224530
4615983.000000 1811904.000000 2961.000000 -5.651995
4610389.000000 1816050.000000 2366.000000 -14.592070
4610570.000000 1804441.000000 2621.000000 -21.592710
4626989.000000 1811489.000000 3726.000000 2.527558
4622839.000000 1805063.000000 3046.000000 -22.771210
4622117.000000 1801954.000000 2876.000000 -25.784780
4616343.000000 1818123.000000 2791.000000 -4.877252
4610389.000000 1802990.000000 2621.000000 -18.038090
4623560.000000 1815013.000000 3811.000000 0.811255
4616163.000000 1803819.000000 2706.000000 -23.684210
4625726.000000 1812318.000000 3811.000000 -8.592052
4626989.000000 1807136.000000 3471.000000 -25.077230
4613457.000000 1813977.000000 2536.000000 -16.232110
4624643.000000 1817708.000000 3216.000000 -14.036910
4624282.000000 1807758.000000 3386.000000 -9.529652
4616524.000000 1819574.000000 2621.000000 -29.911970
4622839.000000 1820610.000000 3046.000000 -39.158180
4625906.000000 1804441.000000 2876.000000 -23.877220
4611833.000000 1811075.000000 2621.000000 -23.256900
4621034.000000 1811904.000000 3641.000000 -0.378951
4610570.000000 1820403.000000 2196.000000 -13.340870
4612735.000000 1808794.000000 2706.000000 -25.599420
4611652.000000 1806100.000000 2706.000000 -24.622370
4617065.000000 1801332.000000 2706.000000 -21.210600
4618148.000000 1805478.000000 2791.000000 -22.126680
4618689.000000 1810245.000000 3301.000000 -6.610624
4614359.000000 1816464.000000 2706.000000 -33.669230
4625906.000000 1817501.000000 3216.000000 -23.254370
4619411.000000 1806307.000000 2961.000000 -21.524220
4617967.000000 1814391.000000 3471.000000 -19.447930
4615261.000000 1809002.000000 2791.000000 -23.804300
4622297.000000 1818123.000000 3386.000000 -21.617290
4624643.000000 1815013.000000 3641.000000 -13.347190
4625184.000000 1805478.000000 3216.000000 -32.148050
4618328.000000 1801124.000000 2876.000000 -34.906470
4627349.000000 1820403.000000 3046.000000 -27.208660
4620313.000000 1810660.000000 3471.000000 -4.301460
4621756.000000 1809416.000000 3471.000000 -9.896369
4623200.000000 1810660.000000 3641.000000 -15.665460
4623200.000000 1803197.000000 2876.000000 -16.640910
4615983.000000 1816464.000000 2791.000000 -21.335060
4616163.000000 1813562.000000 3046.000000 -16.659220
4612013.000000 1813562.000000 2366.000000 -10.887610
4620854.000000 1815843.000000 3556.000000 -8.468065
4621034.000000 1820403.000000 2961.000000 -16.856230
4613096.000000 1805478.000000 2706.000000 -24.844330
4611833.000000 1816672.000000 2196.000000 -10.952330
4620674.000000 1806721.000000 3046.000000 1.634600
4613276.000000 1802368.000000 2621.000000 -20.386740
4613998.000000 1820610.000000 2111.000000 -10.696290
4619591.000000 1801124.000000 2961.000000 -1.024972
4614900.000000 1803197.000000 2621.000000 -23.548350
4626267.000000 1802575.000000 2791.000000 -22.605050
4617606.000000 1820403.000000 2706.000000 -42.940410
4621215.000000 1813355.000000 3726.000000 -8.720103
4611292.000000 1812111.000000 2536.000000 -13.049640
4617246.000000 1815635.000000 3301.000000 -28.354080
4619591.000000 1818537.000000 3216.000000 0.983948
4624282.000000 1800917.000000 2961.000000 6.810437
4612735.000000 1812318.000000 2536.000000 -15.625330
4610570.000000 1817501.000000 2366.000000 -24.778670
4614359.000000 1812526.000000 2706.000000 -21.096220
4613096.000000 1817294.000000 2451.000000 -25.479410
4624643.000000 1809002.000000 3556.000000 -32.569370
4619411.000000 1815221.000000 3471.000000 -26.456700
4625545.000000 1806721.000000 3216.000000 -12.311550
4613998.000000 1809624.000000 2791.000000 -23.218360
4627169.000000 1812733.000000 3556.000000 -21.080220
4614359.000000 1805892.000000 2706.000000 -21.092900
4610389.000000 1801124.000000 2621.000000 -20.145380
4625906.000000 1808173.000000 3556.000000 -34.233590
4620132.000000 1805063.000000 2961.000000 -34.871130
4626989.000000 1816257.000000 3216.000000 -13.488110
4626086.000000 1820403.000000 3046.000000 -30.377500
4612194.000000 1820403.000000 1941.000000 -11.696870
4617606.000000 1803612.000000 2706.000000 -20.584660
4627169.000000 1810245.000000 3981.000000 -0.355141
4616885.000000 1808380.000000 2876.000000 -19.070620
4616343.000000 1802368.000000 2706.000000 -28.074410
4617246.000000 1813148.000000 3301.000000 -15.808980
4627169.000000 1803819.000000 2961.000000 -17.700450
4613637.000000 1801124.000000 2621.000000 -15.350900
4618328.000000 1808794.000000 3046.000000 -5.332417
4620313.000000 1802161.000000 2876.000000 -19.235290
4610389.000000 1810867.000000 2536.000000 -18.872760
4622117.000000 1816672.000000 3471.000000 -6.397139
4611652.000000 1815013.000000 2281.000000 -26.726110
4615080.000000 1810867.000000 2791.000000 -16.571340
4613637.000000 1804027.000000 2621.000000 -19.797920
4625906.000000 1801124.000000 2961.000000 -1.571078
4614720.000000 1815013.000000 2706.000000 -16.448210
4623560.000000 1819781.000000 3046.000000 -22.390450
4621576.000000 1804234.000000 2961.000000 -26.544960
4612735.000000 1810245.000000 2706.000000 -23.242750
4624463.000000 1818952.000000 3131.000000 -12.917030
4622297.000000 1806929.000000 3301.000000 -28.161430
4622658.000000 1813977.000000 4151.000000 2.118608
4615261.000000 1807551.000000 2791.000000 -25.828700
4615622.000000 1806100.000000 2706.000000 -22.670770
4610389.000000 1806100.000000 2706.000000 -21.701940
4623019.000000 1801124.000000 2791.000000 -27.657830
4624282.000000 1804441.000000 3046.000000 -26.429130
4611472.000000 1801954.000000 2621.000000 -21.512590
4625365.000000 1813562.000000 3726.000000 -24.085240
4610389.000000 1809002.000000 2621.000000 -19.433660
4615622.000000 1800917.000000 2621.000000 -20.877120
4625726.000000 1818952.000000 3131.000000 -21.915490
4610389.000000 1814391.000000 2366.000000 -15.533960
4619772.000000 1812733.000000 3811.000000 -4.913922
4621215.000000 1800917.000000 2961.000000 7.888137
4623741.000000 1806307.000000 3216.000000 -28.058430
4617426.000000 1811697.000000 3216.000000 -7.027899
4615080.000000 1817708.000000 2536.000000 -21.633700
4613998.000000 1808173.000000 2706.000000 -14.115870
4627169.000000 1817501.000000 3131.000000 -20.637100
4621395.000000 1808173.000000 3301.000000 -9.262391
4616885.000000 1805270.000000 2706.000000 -22.948580
4627169.000000 1815013.000000 3386.000000 -16.295020
4624463.000000 1810453.000000 3811.000000 -21.070440
4620132.000000 1803612.000000 3046.000000 -31.721630
4621395.000000 1814599.000000 3641.000000 7.210352
4622478.000000 1815635.000000 3811.000000 -2.730719
4618689.000000 1817708.000000 3046.000000 -22.225380
4614900.000000 1813562.000000 2876.000000 -30.233450
4622658.000000 1811697.000000 3641.000000 -4.847984
4625365.000000 1816257.000000 3386.000000 -14.419130
4615622.000000 1820610.000000 2536.000000 -44.368800
4623200.000000 1809209.000000 3471.000000 -6.581171
4619411.000000 1820610.000000 2706.000000 -27.249150
4611833.000000 1807551.000000 2621.000000 -14.663040
4620313.000000 1817294.000000 3386.000000 -25.312110
4623380.000000 1818123.000000 3301.000000 -24.317580
4622297.000000 1819574.000000 3131.000000 -27.238180
4613818.000000 1818330.000000 2451.000000 -44.461980
4617426.000000 1810245.000000 3131.000000 -7.537826
4626086.000000 1809624.000000 3981.000000 -0.950360
4621215.000000 1817708.000000 3386.000000 -27.583610
4624102.000000 1813562.000000 3896.000000 -12.049680
4617967.000000 1818952.000000 2791.000000 -17.564660
4617246.000000 1817086.000000 3046.000000 -4.203753
4624102.000000 1812111.000000 3981.000000 0.871046
4618509.000000 1813148.000000 3471.000000 -4.578872
4612013.000000 1803197.000000 2621.000000 -19.153310
4620132.000000 1809209.000000 3216.000000 -11.092400
4624823.000000 1803405.000000 2961.000000 -24.524870
4626989.000000 1813770.000000 3556.000000 -26.507100
