4609848.000000 1800502.000000 2621.000000 -21.859680
4609848.000000 1802161.000000 2621.000000 -19.395440
4609848.000000 1803819.000000 2621.000000 -15.623880
4609848.000000 1805685.000000 2706.000000 -19.660170
4609848.000000 1807343.000000 2621.000000 -16.013540
4609848.000000 1809002.000000 2621.000000 -19.741410
4609848.000000 1810660.000000 2536.000000 -26.509680
4609848.000000 1812526.000000 2621.000000 -38.628390
4609848.000000 1814184.000000 2536.000000 -27.812150
4609848.000000 1815843.000000 2536.000000 -17.608240
4609848.000000 1817501.000000 2281.000000 -10.501920
4609848.000000 1819367.000000 2366.000000 -8.968687
4609848.000000 1821025.000000 2366.000000 -12.587000
4611292.000000 1800502.000000 2621.000000 -14.609520
4611292.000000 1802161.000000 2621.000000 -21.312080
4611292.000000 1803819.000000 2621.000000 -19.646260
4611292.000000 1805685.000000 2706.000000 -23.042120
4611292.000000 1807343.000000 2621.000000 -13.305390
4611292.000000 1809002.000000 2621.000000 -25.681090
4611292.000000 1810660.000000 2621.000000 -15.068410
4611292.000000 1812526.000000 2621.000000 -24.042830
4611292.000000 1814184.000000 2281.000000 -14.326620
4611292.000000 1815843.000000 2196.000000 -6.261403
4611292.000000 1817501.000000 2111.000000 -8.574260
4611292.000000 1819367.000000 2026.000000 -9.830130
4611292.000000 1821025.000000 1941.000000 -22.099240
4612735.000000 1800502.000000 2621.000000 -10.602930
4612735.000000 1802161.000000 2621.000000 -19.666510
4612735.000000 1803819.000000 2621.000000 -20.452730
4612735.000000 1805685.000000 2706.000000 -23.650810
4612735.000000 1807343.000000 2706.000000 -28.353600
4612735.000000 1809002.000000 2621.000000 -17.074740
4612735.000000 1810660.000000 2791.000000 -28.983530
4612735.000000 1812526.000000 2536.000000 -18.265240
4612735.000000 1814184.000000 2451.000000 -14.201820
4612735.000000 1815843.000000 2366.000000 -22.457850
4612735.000000 1817501.000000 2451.000000 -24.899720
4612735.000000 1819367.000000 2366.000000 -21.447600
4612735.000000 1821025.000000 2111.000000 -19.084280
4614359.000000 1800502.000000 2621.000000 -8.002879
4614359.000000 1802161.000000 2621.000000 -22.351760
4614359.000000 1803819.000000 2621.000000 -21.218980
4614359.000000 1805685.000000 2706.000000 -24.554660
4614359.000000 1807343.000000 2791.000000 -26.698430
4614359.000000 1809002.000000 2791.000000 -22.935230
4614359.000000 1810660.000000 2791.000000 -32.525710
4614359.000000 1812526.000000 2706.000000 -21.096220
4614359.000000 1814184.000000 2706.000000 -16.846380
4614359.000000 1815843.000000 2706.000000 -30.813080
4614359.000000 1817708.000000 2451.000000 -29.041600
4614359.000000 1819367.000000 2451.000000 -35.836200
4614359.000000 1821025.000000 2026.000000 -17.386260
4615802.000000 1800502.000000 2621.000000 -12.263900
4615802.000000 1802161.000000 2621.000000 -17.161750
4615802.000000 1803819.000000 2706.000000 -24.422610
4615802.000000 1805685.000000 2706.000000 -21.430180
4615802.000000 1807343.000000 2791.000000 -27.151260
4615802.000000 1809002.000000 2876.000000 -21.348670
4615802.000000 1810660.000000 2791.000000 1.380511
4615802.000000 1812526.000000 2961.000000 -2.304697
4615802.000000 1814184.000000 2876.000000 -9.380556
4615802.000000 1815843.000000 2876.000000 -25.561710
4615802.000000 1817501.000000 2706.000000 -29.569020
4615802.000000 1819367.000000 2621.000000 -40.340430
4615802.000000 1821025.000000 2451.000000 -47.699250
4617246.000000 1800502.000000 2706.000000 -10.952770
4617246.000000 1802161.000000 2791.000000 -28.799770
4617246.000000 1803819.000000 2706.000000 -27.170770
4617246.000000 1805685.000000 2791.000000 -19.321920
4617246.000000 1807343.000000 2876.000000 -26.793880
4617246.000000 1809002.000000 2961.000000 -2.342334
4617246.000000 1810660.000000 3046.000000 -7.927416
4617246.000000 1812526.000000 3386.000000 0.926040
4617246.000000 1814184.000000 3301.000000 -12.389290
4617246.000000 1815843.000000 3216.000000 -13.106290
4617246.000000 1817501.000000 2961.000000 -4.098560
4617246.000000 1819367.000000 2706.000000 -29.239220
4617246.000000 1821025.000000 2621.000000 -47.624490
4618689.000000 1800502.000000 2876.000000 15.420430
4618689.000000 1802161.000000 2791.000000 -25.748620
4618689.000000 1803819.000000 2876.000000 -34.671040
4618689.000000 1805685.000000 2876.000000 -24.025370
4618689.000000 1807343.000000 3046.000000 -34.263480
4618689.000000 1809002.000000 3131.000000 -6.779755
4618689.000000 1810660.000000 3301.000000 -5.590502
4618689.000000 1812526.000000 3471.000000 -1.732876
4618689.000000 1814184.000000 3556.000000 -14.807530
4618689.000000 1815843.000000 3301.000000 -21.067980
4618689.000000 1817501.000000 3131.000000 -23.194530
4618689.000000 1819367.000000 2961.000000 -14.424860
4618689.000000 1821025.000000 2706.000000 -58.647070
4620313.000000 1800502.000000 2961.000000 17.136700
4620313.000000 1802161.000000 2876.000000 -19.235290
4620313.000000 1803819.000000 3046.000000 -51.360600
4620313.000000 1805685.000000 3046.000000 -27.054940
4620313.000000 1807343.000000 3131.000000 -0.732749
4620313.000000 1809002.000000 3216.000000 -6.807536
4620313.000000 1810660.000000 3471.000000 -4.301460
4620313.000000 1812526.000000 3811.000000 -3.888396
4620313.000000 1814184.000000 3471.000000 -2.478806
4620313.000000 1815843.000000 3556.000000 -16.666990
4620313.000000 1817501.000000 3301.000000 -11.849190
4620313.000000 1819367.000000 3046.000000 -30.986740
4620313.000000 1821025.000000 2791.000000 -53.240720
4621756.000000 1800502.000000 2961.000000 16.718540
4621756.000000 1802161.000000 3046.000000 -27.140800
4621756.000000 1803819.000000 3046.000000 -37.542480
4621756.000000 1805685.000000 3046.000000 -29.740470
4621756.000000 1807343.000000 3216.000000 -9.626601
4621756.000000 1809002.000000 3471.000000 -9.580201
4621756.000000 1810660.000000 3471.000000 -1.427989
4621756.000000 1812526.000000 3641.000000 -2.494319
4621756.000000 1814184.000000 3811.000000 -0.437606
4621756.000000 1815843.000000 3641.000000 -8.442191
4621756.000000 1817501.000000 3301.000000 -10.795220
4621756.000000 1819367.000000 3216.000000 -35.108200
4621756.000000 1821025.000000 2876.000000 -48.919610
4623200.000000 1800502.000000 2791.000000 -18.132830
4623200.000000 1802161.000000 2961.000000 -27.537230
4623200.000000 1803819.000000 2876.000000 -23.782760
4623200.000000 1805685.000000 3131.000000 -27.699540
4623200.000000 1807343.000000 3216.000000 -5.705153
4623200.000000 1809002.000000 3556.000000 -31.341150
4623200.000000 1810660.000000 3641.000000 -15.665460
4623200.000000 1812526.000000 3896.000000 -30.176900
4623200.000000 1814184.000000 4066.000000 -21.180550
4623200.000000 1815843.000000 3726.000000 -0.666619
4623200.000000 1817501.000000 3386.000000 -18.494140
4623200.000000 1819367.000000 3131.000000 -28.514550
4623200.000000 1821025.000000 2876.000000 -43.187020
4624643.000000 1800502.000000 2961.000000 14.796900
4624643.000000 1802161.000000 2961.000000 -21.539610
4624643.000000 1803819.000000 2961.000000 -21.822880
4624643.000000 1805685.000000 3131.000000 -20.222690
4624643.000000 1807343.000000 3301.000000 -6.747275
4624643.000000 1809002.000000 3556.000000 -32.569370
4624643.000000 1810660.000000 3896.000000 -4.715474
4624643.000000 1812526.000000 3981.000000 -7.851292
4624643.000000 1814184.000000 3641.000000 4.511318
4624643.000000 1815843.000000 3471.000000 -11.702670
4624643.000000 1817501.000000 3301.000000 -23.934260
4624643.000000 1819367.000000 3046.000000 -16.773410
4624643.000000 1821025.000000 2876.000000 -37.561210
4626267.000000 1800502.000000 2876.000000 12.576490
4626267.000000 1802161.000000 2791.000000 -22.066150
4626267.000000 1803819.000000 2791.000000 -14.278210
4626267.000000 1805685.000000 3046.000000 -23.398560
4626267.000000 1807343.000000 3386.000000 -25.717650
4626267.000000 1809002.000000 3811.000000 6.479366
4626267.000000 1810660.000000 3811.000000 -0.161886
4626267.000000 1812526.000000 3811.000000 0.479266
4626267.000000 1814184.000000 3556.000000 -16.452570
4626267.000000 1815843.000000 3386.000000 -27.723040
4626267.000000 1817501.000000 3216.000000 -22.588200
4626267.000000 1819367.000000 3046.000000 -22.294190
4626267.000000 1821025.000000 2961.000000 -48.974170
4627710.000000 1800502.000000 2791.000000 11.016740
4627710.000000 1802161.000000 2706.000000 -10.327490
4627710.000000 1803819.000000 2961.000000 -18.769990
4627710.000000 1805685.000000 2961.000000 -18.179240
4627710.000000 1807343.000000 3301.000000 -14.605770
4627710.000000 1809002.000000 3726.000000 3.436260
4627710.000000 1810660.000000 3811.000000 -1.219295
4627710.000000 1812526.000000 3556.000000 -20.767490
4627710.000000 1814184.000000 3386.000000 -12.334970
4627710.000000 1815843.000000 3301.000000 -21.301140
4627710.000000 1817501.000000 3131.000000 -14.127430
4627710.000000 1819367.000000 3046.000000 -12.319090
4627710.000000 1821025.000000 3046.000000 -46.663980
