4621034.000000 1811282.000000 3641.000000 1.667403
4618148.000000 1817916.000000 3046.000000 -0.609418
4612915.000000 1806929.000000 2706.000000 -24.087490
4618328.000000 1809209.000000 3131.000000 -8.179091
4617967.000000 1804856.000000 2791.000000 -23.044030
4621215.000000 1808794.000000 3471.000000 -6.741344
4610750.000000 1816257.000000 2196.000000 -13.484820
4619230.000000 1800917.000000 2876.000000 -18.290700
4621215.000000 1813562.000000 3726.000000 -5.357606
4610570.000000 1808587.000000 2621.000000 -21.021900
4614720.000000 1810867.000000 2706.000000 -9.182737
4623200.000000 1818537.000000 3216.000000 -24.958940
4619230.000000 1815428.000000 3386.000000 -11.464050
4619952.000000 1811489.000000 3471.000000 -4.811289
4616885.000000 1821025.000000 2621.000000 -54.923320
4620674.000000 1807343.000000 3301.000000 -26.865110
4610750.000000 1817501.000000 2281.000000 -18.135340
4627710.000000 1806721.000000 3131.000000 -16.877420
4622478.000000 1811075.000000 3556.000000 -1.436014
4624463.000000 1812526.000000 3981.000000 -0.743863
4627530.000000 1820403.000000 3046.000000 -24.399020
4613818.000000 1810660.000000 2791.000000 -22.319890
4618148.000000 1808794.000000 3046.000000 -4.794821
4626808.000000 1818123.000000 3131.000000 -22.633290
4618689.000000 1810245.000000 3301.000000 -6.610624
4627710.000000 1804648.000000 2876.000000 -8.625863
4613276.000000 1813562.000000 2621.000000 -30.059750
4624643.000000 1809416.000000 3641.000000 -31.881170
4621576.000000 1819159.000000 3216.000000 -31.596160
4625726.000000 1810245.000000 3811.000000 -3.684726
4610389.000000 1804856.000000 2706.000000 -21.449630
4614539.000000 1816672.000000 2706.000000 -32.370790
4618148.000000 1805685.000000 2791.000000 -24.830490
4618689.000000 1810660.000000 3301.000000 -5.590502
4624823.000000 1806307.000000 3216.000000 -25.585220
4615802.000000 1808173.000000 2791.000000 -25.843470
4619772.000000 1818952.000000 3131.000000 -6.551226
4610209.000000 1811075.000000 2536.000000 -17.078980
4616885.000000 1815635.000000 3131.000000 -26.923740
4621756.000000 1806721.000000 3131.000000 -8.810104
4619772.000000 1810245.000000 3301.000000 -12.987970
4609848.000000 1807758.000000 2621.000000 -18.086270
4624823.000000 1813355.000000 3726.000000 -21.135840
4612555.000000 1803197.000000 2621.000000 -20.471990
4626628.000000 1804027.000000 2876.000000 -15.247150
4609848.000000 1808587.000000 2621.000000 -18.718100
4618509.000000 1804441.000000 2791.000000 -21.110910
4615983.000000 1813977.000000 2961.000000 -16.321150
4612915.000000 1812940.000000 2536.000000 -10.959040
4613998.000000 1801332.000000 2621.000000 -20.038490
4616524.000000 1805270.000000 2706.000000 -18.136110
4624643.000000 1817916.000000 3216.000000 -18.897310
4618689.000000 1819781.000000 2876.000000 -5.960589
4624463.000000 1806100.000000 3131.000000 -2.447943
4615261.000000 1807136.000000 2791.000000 -26.131480
4624102.000000 1808380.000000 3301.000000 -5.599358
4615261.000000 1808587.000000 2791.000000 -24.299670
4627169.000000 1811904.000000 3726.000000 -1.708848
4614359.000000 1809831.000000 2791.000000 -25.301890
4614359.000000 1819574.000000 2366.000000 -29.671990
4611833.000000 1818745.000000 2026.000000 -8.025825
4624102.000000 1814184.000000 3811.000000 0.737412
4620674.000000 1816464.000000 3471.000000 -17.946670
4610029.000000 1801954.000000 2621.000000 -19.719690
4612194.000000 1803612.000000 2621.000000 -19.397760
4624463.000000 1818537.000000 3216.000000 -27.623230
4614720.000000 1811489.000000 2706.000000 -19.668650
4627349.000000 1811489.000000 3726.000000 2.368162
4621034.000000 1806929.000000 3046.000000 -1.806406
4614900.000000 1816257.000000 2706.000000 -16.025570
4619411.000000 1805270.000000 2961.000000 -28.887740
4611111.000000 1821025.000000 1941.000000 -21.229020
4616163.000000 1815013.000000 2961.000000 -17.018540
4614900.000000 1819989.000000 2281.000000 6.840665
4615080.000000 1806100.000000 2706.000000 -24.259860
4624463.000000 1816672.000000 3471.000000 -26.104120
4611472.000000 1815221.000000 2281.000000 -20.375440
4621756.000000 1818537.000000 3301.000000 -25.994530
4625184.000000 1816050.000000 3386.000000 -9.356908
4613457.000000 1804648.000000 2621.000000 -22.206330
4626086.000000 1811697.000000 3811.000000 -1.769773
4611472.000000 1811282.000000 2621.000000 -19.858980
4619411.000000 1812733.000000 3726.000000 5.227535
4616704.000000 1812318.000000 3131.000000 -3.618895
4620313.000000 1813148.000000 3726.000000 -0.547487
4615441.000000 1809831.000000 2876.000000 -26.545950
4615802.000000 1801539.000000 2621.000000 -21.877330
4615261.000000 1801746.000000 2621.000000 -23.517690
4626086.000000 1800710.000000 2876.000000 9.221628
4623741.000000 1815013.000000 3811.000000 -1.243147
4623200.000000 1808380.000000 3301.000000 -8.061610
4624102.000000 1809209.000000 3556.000000 -22.409780
4626447.000000 1808380.000000 3641.000000 -17.526570
4611652.000000 1812111.000000 2536.000000 -11.161480
4615441.000000 1811697.000000 2791.000000 -2.083106
4616524.000000 1818537.000000 2706.000000 -24.258430
4626267.000000 1818952.000000 3046.000000 -15.207900
4623921.000000 1805685.000000 3131.000000 -30.191030
4623380.000000 1808587.000000 3471.000000 -8.825671
4622839.000000 1806929.000000 3131.000000 -6.844308
4611111.000000 1813770.000000 2451.000000 -8.436601
4618869.000000 1804441.000000 2791.000000 -18.286430
4618689.000000 1801124.000000 2876.000000 -25.796380
4624282.000000 1819781.000000 3046.000000 -24.978530
4622117.000000 1809416.000000 3471.000000 -14.401260
4613637.000000 1813977.000000 2621.000000 -15.023940
4613096.000000 1813355.000000 2536.000000 -18.884870
4623921.000000 1810867.000000 3811.000000 -20.457000
4626267.000000 1805270.000000 3046.000000 -25.082120
4613998.000000 1808794.000000 2791.000000 -39.416590
4619772.000000 1806100.000000 2961.000000 -15.629090
4621937.000000 1809416.000000 3471.000000 -12.488460
4617065.000000 1801124.000000 2706.000000 -24.389140
4611833.000000 1805270.000000 2706.000000 -17.355180
4625545.000000 1802368.000000 2876.000000 -22.618920
4617065.000000 1810660.000000 3046.000000 -4.649617
4623560.000000 1808794.000000 3471.000000 -10.813770
4611111.000000 1813977.000000 2451.000000 -23.739150
4613998.000000 1809624.000000 2791.000000 -23.218360
4617065.000000 1815221.000000 3216.000000 -20.148720
4622839.000000 1803819.000000 2876.000000 -28.318310
4617426.000000 1803819.000000 2791.000000 -35.097620
4624102.000000 1811282.000000 3896.000000 4.734356
4620493.000000 1815013.000000 3641.000000 -3.629781
4615802.000000 1810867.000000 2876.000000 -10.190260
4618148.000000 1820196.000000 2706.000000 -25.708840
4615802.000000 1821025.000000 2451.000000 -47.699250
4617065.000000 1817294.000000 2961.000000 -0.027301
4626267.000000 1810660.000000 3811.000000 -0.161886
4612013.000000 1805478.000000 2706.000000 -20.967840
4621034.000000 1819574.000000 3216.000000 -44.193860
4615441.000000 1805063.000000 2706.000000 -23.355800
4610750.000000 1802575.000000 2621.000000 -20.326460
4620132.000000 1819989.000000 2961.000000 -25.963170
4624463.000000 1817294.000000 3386.000000 -27.854470
4626808.000000 1804027.000000 2961.000000 -18.352510
4609848.000000 1820403.000000 2366.000000 -0.148426
4621756.000000 1817294.000000 3386.000000 -17.674370
4612555.000000 1802990.000000 2621.000000 -19.416500
4625545.000000 1819367.000000 3131.000000 -26.772950
4610029.000000 1804441.000000 2706.000000 -28.193450
4623741.000000 1819367.000000 3046.000000 -25.673590
4621576.000000 1804027.000000 3046.000000 -32.524830
4609848.000000 1807343.000000 2621.000000 -16.013540
4623921.000000 1818537.000000 3216.000000 -30.104410
4622117.000000 1806721.000000 3131.000000 -9.414597
4619591.000000 1804856.000000 2876.000000 -32.149210
4611652.000000 1814599.000000 2281.000000 -26.837700
4612194.000000 1810245.000000 2706.000000 -30.955100
4618328.000000 1810245.000000 3216.000000 -7.007788
4620674.000000 1801539.000000 2961.000000 -26.093200
4620674.000000 1808587.000000 3301.000000 -5.859584
4616704.000000 1804027.000000 2706.000000 -23.628850
4625004.000000 1810038.000000 3811.000000 -25.367760
4619230.000000 1814806.000000 3471.000000 -5.816380
4622117.000000 1820610.000000 2961.000000 -34.955770
4619411.000000 1802368.000000 2876.000000 -29.804150
4609848.000000 1806929.000000 2706.000000 -25.335500
4619952.000000 1815843.000000 3471.000000 -17.370270
4617606.000000 1818330.000000 2876.000000 -6.049207
4609848.000000 1806514.000000 2706.000000 -21.821720
4617426.000000 1800917.000000 2791.000000 -27.294770
4623380.000000 1801954.000000 2961.000000 -27.363600
4611111.000000 1807758.000000 2621.000000 -18.236790
4613457.000000 1814391.000000 2621.000000 -18.363550
4610029.000000 1801746.000000 2621.000000 -19.574100
4627169.000000 1809624.000000 3896.000000 -0.248134
4625726.000000 1819989.000000 3046.000000 -29.673960
4624282.000000 1804648.000000 3046.000000 -30.132610
4613818.000000 1807136.000000 2706.000000 -25.162610
4611472.000000 1819781.000000 2026.000000 -12.294540
4626808.000000 1802990.000000 2876.000000 -28.394920
4622478.000000 1812526.000000 3811.000000 -40.011490
4621937.000000 1818952.000000 3216.000000 -14.804280
4610389.000000 1812940.000000 2536.000000 -30.993800
4610389.000000 1801332.000000 2621.000000 -20.355690
4614539.000000 1806100.000000 2706.000000 -23.535260
4625906.000000 1813977.000000 3641.000000 -18.724170
4617967.000000 1803197.000000 2791.000000 -23.706920
4620493.000000 1802575.000000 2876.000000 -21.834780
4624823.000000 1803197.000000 2961.000000 -24.813070
4615441.000000 1800502.000000 2621.000000 -11.113540
4620132.000000 1801124.000000 2961.000000 -2.818388
4616704.000000 1820818.000000 2536.000000 -40.309950
4619591.000000 1808794.000000 3216.000000 -4.055621
4624102.000000 1806721.000000 3301.000000 -22.779560
4610931.000000 1804856.000000 2706.000000 -26.579800
