4623921.000000 1820610.000000 2961.000000 -34.743250
4622839.000000 1813770.000000 4151.000000 -30.067840
4622658.000000 1813770.000000 4151.000000 -38.135530
4626989.000000 1818537.000000 3046.000000 -20.272230
4624282.000000 1818537.000000 3216.000000 -31.709220
4621215.000000 1814599.000000 3641.000000 3.393242
4624463.000000 1817708.000000 3301.000000 -22.162450
4627530.000000 1811697.000000 3641.000000 -1.133803
4620493.000000 1820610.000000 2876.000000 -34.334360
4627710.000000 1817086.000000 3131.000000 -15.825250
4620493.000000 1815221.000000 3641.000000 -6.518869
4619591.000000 1820403.000000 2791.000000 -32.456630
4622117.000000 1815635.000000 3726.000000 -10.885030
4622839.000000 1817294.000000 3471.000000 -12.939600
4621215.000000 1815013.000000 3726.000000 -3.173363
4622117.000000 1814184.000000 3896.000000 -3.233962
4623921.000000 1813770.000000 3896.000000 2.726006
4624643.000000 1812111.000000 3981.000000 -4.676085
4620313.000000 1811282.000000 3556.000000 -2.726752
4622839.000000 1811489.000000 3641.000000 -1.856280
4626267.000000 1815428.000000 3386.000000 -5.164182
4621395.000000 1814806.000000 3811.000000 3.391019
4626086.000000 1813148.000000 3726.000000 -20.868040
4627530.000000 1818330.000000 3131.000000 -16.739850
4619411.000000 1820403.000000 2791.000000 -32.574830
4621937.000000 1819367.000000 3216.000000 -31.732460
4623380.000000 1813770.000000 3981.000000 15.214650
4622478.000000 1817916.000000 3471.000000 -28.635030
4623560.000000 1816050.000000 3726.000000 -23.369760
4620674.000000 1812733.000000 3811.000000 -4.685664
4623921.000000 1816464.000000 3556.000000 -24.827910
4619411.000000 1819989.000000 2876.000000 -33.899570
4623019.000000 1816879.000000 3556.000000 -15.769610
4626086.000000 1817501.000000 3216.000000 -23.115780
4622117.000000 1817501.000000 3386.000000 -17.626670
4622839.000000 1815843.000000 3811.000000 -5.375345
4617787.000000 1818952.000000 2706.000000 -23.526830
4617426.000000 1819159.000000 2791.000000 0.431209
4615622.000000 1815843.000000 2876.000000 -26.673420
4611292.000000 1812733.000000 2536.000000 -15.683480
4615802.000000 1814184.000000 2876.000000 -9.380556
4613998.000000 1815013.000000 2621.000000 -20.836090
4613998.000000 1812111.000000 2621.000000 -17.247080
4617787.000000 1819574.000000 2791.000000 -33.418450
4615261.000000 1819781.000000 2621.000000 -42.517210
4617065.000000 1816879.000000 2876.000000 -8.314530
4611292.000000 1815428.000000 2196.000000 -4.537954
4610931.000000 1821025.000000 2111.000000 -20.626260
4614900.000000 1815221.000000 2706.000000 -11.253600
4613276.000000 1811904.000000 2536.000000 -9.517775
4613457.000000 1811904.000000 2536.000000 -13.279660
4614359.000000 1811489.000000 2621.000000 -11.385240
4613457.000000 1815221.000000 2536.000000 -13.943560
4609848.000000 1817916.000000 2111.000000 -0.495268
4611472.000000 1815428.000000 2281.000000 -23.773590
4612374.000000 1812733.000000 2536.000000 -25.975300
4610029.000000 1813977.000000 2366.000000 -23.847310
4614359.000000 1814806.000000 2621.000000 -9.878937
4617787.000000 1805892.000000 2791.000000 -23.639210
4617606.000000 1806100.000000 2791.000000 -25.816100
4616885.000000 1810660.000000 2961.000000 -4.918452
4618509.000000 1810660.000000 3301.000000 -4.846802
4618509.000000 1805892.000000 2791.000000 -16.749220
4613637.000000 1804648.000000 2621.000000 -23.633740
4614720.000000 1802368.000000 2621.000000 -20.762090
4616704.000000 1802783.000000 2706.000000 -21.311450
4614178.000000 1809002.000000 2791.000000 -19.456870
4617967.000000 1804648.000000 2791.000000 -23.128350
4617606.000000 1804648.000000 2791.000000 -32.479710
4614720.000000 1800502.000000 2621.000000 -11.893290
4615802.000000 1809416.000000 2876.000000 -25.029810
4614900.000000 1804234.000000 2621.000000 -21.252840
4614720.000000 1807343.000000 2791.000000 -27.479350
4612194.000000 1805478.000000 2706.000000 -25.341690
4616885.000000 1803197.000000 2706.000000 -20.901890
4615261.000000 1806307.000000 2706.000000 -23.253980
4613276.000000 1808794.000000 2706.000000 -22.264130
4616704.000000 1805685.000000 2706.000000 -21.276590
4616343.000000 1809624.000000 2961.000000 -26.960200
4610570.000000 1805063.000000 2791.000000 -29.546000
4613637.000000 1803197.000000 2621.000000 -21.264840
4614178.000000 1804856.000000 2706.000000 -22.507010
4618148.000000 1802990.000000 2791.000000 -20.739320
4611292.000000 1800502.000000 2621.000000 -14.609520
4611652.000000 1808380.000000 2621.000000 -15.950470
4614539.000000 1804234.000000 2706.000000 -24.880030
4612013.000000 1808587.000000 2621.000000 -20.154060
4611472.000000 1801124.000000 2621.000000 -20.338110
4611111.000000 1804234.000000 2621.000000 -16.860490
4615441.000000 1802783.000000 2621.000000 -22.816330
4614178.000000 1806307.000000 2706.000000 -19.380420
4617967.000000 1806929.000000 2876.000000 -29.086060
4613276.000000 1805685.000000 2706.000000 -25.443920
4618328.000000 1802368.000000 2876.000000 -26.239910
4614359.000000 1803197.000000 2621.000000 -20.941270
4616704.000000 1810245.000000 2961.000000 -4.360880
4610029.000000 1800917.000000 2621.000000 -18.910810
4614539.000000 1800917.000000 2621.000000 -18.853330
4618509.000000 1805270.000000 2876.000000 -33.082080
4617787.000000 1801954.000000 2791.000000 -26.130450
4614539.000000 1801124.000000 2621.000000 -22.156930
4618328.000000 1806307.000000 2876.000000 -29.355760
4615441.000000 1807343.000000 2791.000000 -26.621040
4612374.000000 1809831.000000 2706.000000 -19.453990
4616885.000000 1801954.000000 2706.000000 -23.900410
4610931.000000 1804234.000000 2621.000000 -11.937250
4610209.000000 1809002.000000 2621.000000 -16.346900
4617426.000000 1805685.000000 2791.000000 -22.694730
4618148.000000 1810245.000000 3216.000000 -4.252703
4609848.000000 1806721.000000 2706.000000 -20.412860
4618689.000000 1807136.000000 2961.000000 -7.120236
4613096.000000 1807343.000000 2791.000000 -34.181380
4612374.000000 1809416.000000 2706.000000 -18.978910
4611292.000000 1806514.000000 2706.000000 -29.157810
4612013.000000 1800917.000000 2621.000000 -20.364930
4613637.000000 1810660.000000 2791.000000 -23.986780
4611652.000000 1809624.000000 2621.000000 -21.249660
4612013.000000 1807758.000000 2706.000000 -19.955060
4610931.000000 1810660.000000 2621.000000 -24.179340
4610931.000000 1803405.000000 2621.000000 -19.113650
4617967.000000 1801332.000000 2791.000000 -21.882440
4613637.000000 1800917.000000 2706.000000 -30.304620
4609848.000000 1805270.000000 2706.000000 -19.360690
4618689.000000 1806929.000000 2961.000000 -29.272430
4614359.000000 1803612.000000 2621.000000 -21.146410
4618148.000000 1801746.000000 2791.000000 -21.817000
4617606.000000 1800502.000000 2791.000000 -9.157755
4610570.000000 1801954.000000 2621.000000 -19.516870
4618689.000000 1810038.000000 3301.000000 -6.356701
4618148.000000 1807758.000000 3046.000000 -30.328300
4617246.000000 1809416.000000 2961.000000 -4.700744
4612013.000000 1805270.000000 2706.000000 -23.056600
4610570.000000 1800710.000000 2621.000000 -20.864700
4615441.000000 1804234.000000 2706.000000 -21.955190
4617426.000000 1807965.000000 2961.000000 -25.319410
4612194.000000 1810038.000000 2621.000000 -13.766210
4617426.000000 1802990.000000 2706.000000 -22.391910
4618328.000000 1808587.000000 3046.000000 -5.730461
4612915.000000 1801539.000000 2621.000000 -23.874170
4613998.000000 1801746.000000 2621.000000 -21.548730
4617787.000000 1801332.000000 2876.000000 -6.679571
4610389.000000 1802368.000000 2621.000000 -21.116000
4614359.000000 1806100.000000 2706.000000 -23.254840
4614359.000000 1806307.000000 2706.000000 -23.201490
4617787.000000 1804441.000000 2791.000000 -23.644560
4618689.000000 1804027.000000 2791.000000 -13.590500
4615802.000000 1803405.000000 2621.000000 -24.360970
4616524.000000 1810245.000000 2961.000000 -3.946275
4610931.000000 1809831.000000 2621.000000 -19.965510
4613276.000000 1810038.000000 2706.000000 -20.332580
4615080.000000 1808587.000000 2791.000000 -21.954780
4613998.000000 1808794.000000 2791.000000 -39.416590
4617967.000000 1806514.000000 2876.000000 -37.018170
4617967.000000 1803197.000000 2791.000000 -23.706920
4618689.000000 1807758.000000 3131.000000 -27.168240
4616524.000000 1803405.000000 2706.000000 -22.445030
4618148.000000 1806514.000000 2876.000000 -29.988580
4614359.000000 1810038.000000 2791.000000 -20.368370
4616163.000000 1809416.000000 2876.000000 -26.469100
4616524.000000 1804856.000000 2706.000000 -22.373900
4617606.000000 1802783.000000 2791.000000 -20.805530
4611111.000000 1809209.000000 2621.000000 -21.673130
4615983.000000 1802368.000000 2621.000000 -15.135390
4610209.000000 1808173.000000 2621.000000 -18.282000
4611833.000000 1805892.000000 2706.000000 -23.050870
4613096.000000 1806721.000000 2706.000000 -23.066270
4610209.000000 1800710.000000 2621.000000 -20.130070
4618328.000000 1803405.000000 2791.000000 -20.282530
4609848.000000 1810660.000000 2536.000000 -26.509680
4625004.000000 1810038.000000 3811.000000 -25.367760
4625726.000000 1807758.000000 3386.000000 -26.254330
4619952.000000 1802783.000000 2876.000000 -21.628420
4621395.000000 1807758.000000 3216.000000 -4.998589
4625545.000000 1808173.000000 3471.000000 -24.002500
4620313.000000 1805892.000000 3046.000000 -25.320500
4627349.000000 1810453.000000 3981.000000 -4.085415
4623560.000000 1805478.000000 3216.000000 -32.069730
4622117.000000 1808173.000000 3216.000000 -8.618142
4623380.000000 1802990.000000 2961.000000 -31.513600
4621576.000000 1810038.000000 3471.000000 -17.185800
4626086.000000 1800710.000000 2876.000000 9.221628
4625184.000000 1801954.000000 2876.000000 -23.865160
4620493.000000 1806514.000000 3131.000000 -32.186720
4621034.000000 1804856.000000 2791.000000 0.861576
4624823.000000 1803405.000000 2961.000000 -24.524870
4627349.000000 1810660.000000 3896.000000 -0.323688
4619952.000000 1810038.000000 3386.000000 -8.099292
