4729300.000000 2047900.000000 2215.000000 -2.966300
4729300.000000 2052000.000000 2395.000000 -2.749700
4729300.000000 2056300.000000 3115.000000 -1.402700
4729300.000000 2060400.000000 2755.000000 -0.358410
4733700.000000 2047900.000000 2215.000000 -4.912600
4733700.000000 2052000.000000 2035.000000 -1.765800
4733700.000000 2056300.000000 1855.000000 -3.323300
4733700.000000 2060400.000000 2395.000000 -1.289900
4738400.000000 2047900.000000 1855.000000 -2.841300
4738400.000000 2052000.000000 2575.000000 -1.725600
4738400.000000 2056300.000000 2575.000000 -9.968100
4738400.000000 2060400.000000 2755.000000 -5.022200
4742800.000000 2047900.000000 1675.000000 -0.645830
4742800.000000 2052000.000000 2215.000000 -0.030444
4742800.000000 2056300.000000 2755.000000 -5.594900
4742800.000000 2060400.000000 2395.000000 -3.417900
