4733400.000000 2056300.000000 1855.000000 -3.776700
4739200.000000 2054300.000000 2935.000000 -8.449600
4737600.000000 2048900.000000 1495.000000 -1.359400
4730700.000000 2049200.000000 1855.000000 -3.296700
4737800.000000 2059400.000000 2755.000000 -6.912900
4730700.000000 2054800.000000 3115.000000 -6.916700
4730700.000000 2057100.000000 3115.000000 -4.394800
4741700.000000 2052300.000000 2035.000000 0.621030
4733700.000000 2053500.000000 1855.000000 -4.509600
4741400.000000 2059100.000000 2755.000000 -7.213600
4733200.000000 2051000.000000 2035.000000 -1.276300
4741400.000000 2049200.000000 2215.000000 -4.720500
4734300.000000 2059100.000000 2575.000000 -1.781900
4736500.000000 2054000.000000 2755.000000 -12.384000
4739500.000000 2057100.000000 2935.000000 -9.188400
4739200.000000 2051200.000000 1855.000000 1.346900
4730400.000000 2052300.000000 2755.000000 -6.529300
4734000.000000 2048900.000000 1675.000000 -2.824700
4736500.000000 2056900.000000 2215.000000 -6.202100
4736200.000000 2051200.000000 1855.000000 0.326090
4731000.000000 2059400.000000 2395.000000 -0.567990
4741700.000000 2055600.000000 2935.000000 -7.726000
