4740800.000000 2059900.000000 2575.000000 -6.750300
4741400.000000 2056900.000000 2935.000000 -8.206300
4738400.000000 2058100.000000 2395.000000 -7.491300
4738400.000000 2057400.000000 2575.000000 -9.416500
4741400.000000 2055600.000000 2935.000000 -7.811300
4734000.000000 2059100.000000 2395.000000 -1.688900
4735900.000000 2058100.000000 2755.000000 -4.955000
4733700.000000 2053300.000000 1855.000000 -4.592800
4730200.000000 2052500.000000 2935.000000 -6.207100
4734000.000000 2053800.000000 2035.000000 -6.774400
4729600.000000 2053500.000000 3295.000000 -5.568200
4733200.000000 2054000.000000 1855.000000 -6.304800
4731500.000000 2049700.000000 1855.000000 -0.945150
4734000.000000 2053300.000000 2035.000000 -4.930600
4732400.000000 2049700.000000 1675.000000 0.132450
4729600.000000 2052300.000000 2575.000000 -4.395400
4732600.000000 2049700.000000 1675.000000 -0.238530
4733200.000000 2052800.000000 2035.000000 -2.955100
4734500.000000 2053000.000000 2035.000000 -4.954600
4735600.000000 2048900.000000 1675.000000 -4.123000
4738900.000000 2051800.000000 2035.000000 0.728940
4742200.000000 2054000.000000 2395.000000 -5.760900
