936460.000000 620410.000000 2903.600000 7.415100
935290.000000 612180.000000 3467.800000 -10.075000
935100.000000 612180.000000 3467.800000 -11.127000
939760.000000 617920.000000 3387.200000 0.694680
936840.000000 617920.000000 3064.800000 3.443300
933540.000000 613170.000000 3709.600000 -13.785000
937040.000000 616920.000000 3145.400000 7.206000
940340.000000 609680.000000 3145.400000 -7.061300
932760.000000 620410.000000 2984.200000 -3.860900
940540.000000 616170.000000 3548.400000 -1.925600
932760.000000 613920.000000 3790.200000 -13.270000
931790.000000 620160.000000 3306.600000 -12.418000
934510.000000 614420.000000 3467.800000 -5.899300
935290.000000 616420.000000 3387.200000 -2.677200
933540.000000 613670.000000 3629.000000 -10.165000
934510.000000 612670.000000 3548.400000 -11.287000
936460.000000 612180.000000 3306.600000 -7.279900
937230.000000 610180.000000 3226.000000 -7.596900
932570.000000 609180.000000 3387.200000 -13.249000
935290.000000 609430.000000 3226.000000 -8.309700
938980.000000 614170.000000 3387.200000 -0.419970
933740.000000 613420.000000 3709.600000 -12.782000
938790.000000 611430.000000 3226.000000 -3.666200
940340.000000 617670.000000 3467.800000 -1.184100
929850.000000 618420.000000 3629.000000 -20.998000
929460.000000 618660.000000 3548.400000 -20.272000
927520.000000 614670.000000 3709.600000 -17.278000
922850.000000 610930.000000 3226.000000 -4.012000
927710.000000 612670.000000 3951.400000 -16.510000
925770.000000 613670.000000 3467.800000 -9.773800
925770.000000 610180.000000 3387.200000 -6.872300
929850.000000 619160.000000 3467.800000 -18.532000
927130.000000 619410.000000 3467.800000 -21.995000
929070.000000 615920.000000 3870.800000 -22.465000
922850.000000 614170.000000 2984.200000 -10.583000
922460.000000 620910.000000 3548.400000 -13.200000
926740.000000 613920.000000 3709.600000 -13.090000
924990.000000 609930.000000 3306.600000 -6.517400
929850.000000 602690.000000 3226.000000 -9.351000
929650.000000 602940.000000 3226.000000 -9.796500
928880.000000 608430.000000 3467.800000 -16.215000
930630.000000 608430.000000 3387.200000 -15.122000
930630.000000 602690.000000 3226.000000 -11.417000
925380.000000 601190.000000 3226.000000 -7.252500
926550.000000 598450.000000 3226.000000 -4.300900
928680.000000 598950.000000 3306.600000 -1.235500
925960.000000 606430.000000 3306.600000 -14.643000
930040.000000 601190.000000 3226.000000 -8.460500
929650.000000 601190.000000 3226.000000 -8.495800
926550.000000 596200.000000 3306.600000 -4.234400
927710.000000 606930.000000 3306.600000 -13.087000
926740.000000 600690.000000 3226.000000 -2.729800
926550.000000 604440.000000 3306.600000 -14.414000
923820.000000 602190.000000 3548.400000 -16.392000
928880.000000 599450.000000 3226.000000 -1.394600
927130.000000 603190.000000 3226.000000 -10.071000
924990.000000 606190.000000 3306.600000 -14.988000
928680.000000 602440.000000 3226.000000 -4.793300
928290.000000 607180.000000 3306.600000 -12.202000
922080.000000 601690.000000 3709.600000 -15.756000
925380.000000 599450.000000 3226.000000 -3.855400
925960.000000 601440.000000 3226.000000 -6.976700
930240.000000 599200.000000 3306.600000 -5.074200
922850.000000 596200.000000 3306.600000 -3.557600
923240.000000 605690.000000 3548.400000 -16.587000
926350.000000 600690.000000 3226.000000 -4.581800
923630.000000 605940.000000 3467.800000 -16.978000
923050.000000 596950.000000 3306.600000 -2.649600
922660.000000 600690.000000 3548.400000 -12.467000
927320.000000 598950.000000 3226.000000 -1.867000
925960.000000 603190.000000 3226.000000 -11.375000
930040.000000 603940.000000 3226.000000 -11.908000
924990.000000 602440.000000 3306.600000 -13.393000
930430.000000 598450.000000 3306.600000 -4.224600
926160.000000 599450.000000 3226.000000 -3.784000
928680.000000 607930.000000 3387.200000 -14.515000
921490.000000 596700.000000 3387.200000 -3.559400
926350.000000 596700.000000 3226.000000 -3.489800
930630.000000 601940.000000 3226.000000 -10.508000
929850.000000 597950.000000 3306.600000 -1.670400
926350.000000 596950.000000 3226.000000 -4.906800
930430.000000 603190.000000 3226.000000 -11.347000
927320.000000 604440.000000 3226.000000 -11.537000
924020.000000 607430.000000 3387.200000 -13.351000
928880.000000 597950.000000 3387.200000 -1.984400
922460.000000 600690.000000 3548.400000 -12.398000
921690.000000 606430.000000 3709.600000 -16.265000
929460.000000 602440.000000 3226.000000 -7.740200
930240.000000 607930.000000 3387.200000 -14.572000
921300.000000 603690.000000 3870.800000 -13.425000
930820.000000 604190.000000 3226.000000 -13.202000
924800.000000 604440.000000 3306.600000 -14.844000
924020.000000 606930.000000 3387.200000 -14.033000
922850.000000 603440.000000 3467.800000 -15.401000
923630.000000 596700.000000 3306.600000 -3.552200
925380.000000 608430.000000 3306.600000 -12.841000
923240.000000 607180.000000 3387.200000 -13.844000
923630.000000 604940.000000 3387.200000 -14.331000
922460.000000 608430.000000 3387.200000 -11.392000
922460.000000 599700.000000 3467.800000 -8.587100
930040.000000 597200.000000 3306.600000 -2.531600
925380.000000 596700.000000 3226.000000 -4.005100
921300.000000 601940.000000 3790.200000 -11.985000
930820.000000 603940.000000 3226.000000 -13.185000
926160.000000 599950.000000 3226.000000 -3.285000
930240.000000 597700.000000 3306.600000 -3.547400
929650.000000 596200.000000 3306.600000 -2.626000
922080.000000 597950.000000 3467.800000 -6.171900
930820.000000 607680.000000 3387.200000 -13.648000
930240.000000 604940.000000 3226.000000 -11.453000
937620.000000 607680.000000 3145.400000 -7.875300
938400.000000 604940.000000 3306.600000 -15.584000
932180.000000 598950.000000 3306.600000 -7.719200
933740.000000 604940.000000 3226.000000 -13.731000
938210.000000 605440.000000 3226.000000 -14.961000
932570.000000 602690.000000 3226.000000 -13.252000
940150.000000 608180.000000 3145.400000 -9.669200
936070.000000 602190.000000 3306.600000 -11.303000
934510.000000 605440.000000 3226.000000 -13.406000
935870.000000 599200.000000 3306.600000 -13.575000
933930.000000 607680.000000 3226.000000 -11.297000
