921300.000000 596200.000000 3387.200000 -3.645500
921300.000000 598700.000000 3548.400000 -6.343000
921300.000000 601190.000000 3709.600000 -10.937000
921300.000000 603690.000000 3870.800000 -13.425000
921300.000000 606190.000000 3790.200000 -13.634000
921300.000000 608430.000000 3226.000000 -6.182300
921300.000000 610930.000000 2984.200000 -3.889600
921300.000000 613420.000000 2661.800000 -5.093400
921300.000000 615920.000000 3145.400000 -9.785700
921300.000000 618420.000000 3467.800000 -13.312000
921300.000000 620910.000000 3548.400000 -9.412900
923240.000000 596200.000000 3306.600000 -2.550400
923240.000000 598700.000000 3387.200000 -6.039200
923240.000000 601190.000000 3467.800000 -13.173000
923240.000000 603690.000000 3548.400000 -18.227000
923240.000000 606190.000000 3467.800000 -16.021000
923240.000000 608430.000000 3387.200000 -10.769000
923240.000000 610930.000000 3064.800000 -5.401200
923240.000000 613420.000000 3064.800000 -10.909000
923240.000000 615920.000000 3064.800000 -12.292000
923240.000000 618420.000000 3387.200000 -18.585000
923240.000000 620910.000000 3629.000000 -15.120000
925180.000000 596200.000000 3226.000000 -3.851200
925180.000000 598700.000000 3226.000000 -2.506700
925180.000000 601190.000000 3306.600000 -9.696400
925180.000000 603690.000000 3306.600000 -14.496000
925180.000000 606190.000000 3306.600000 -14.796000
925180.000000 608430.000000 3306.600000 -12.402000
925180.000000 610930.000000 3306.600000 -3.536600
925180.000000 613420.000000 3064.800000 -6.477200
925180.000000 615920.000000 3226.000000 -11.143000
925180.000000 618420.000000 3306.600000 -19.304000
925180.000000 620910.000000 3629.000000 -15.275000
927130.000000 596200.000000 3387.200000 -4.122700
927130.000000 598700.000000 3226.000000 -1.595000
927130.000000 601190.000000 3226.000000 -2.748300
927130.000000 603690.000000 3226.000000 -11.376000
927130.000000 606190.000000 3306.600000 -13.551000
927130.000000 608430.000000 3387.200000 -15.154000
927130.000000 610930.000000 3548.400000 -11.211000
927130.000000 613420.000000 3629.000000 -9.993100
927130.000000 615920.000000 3709.600000 -20.425000
927130.000000 618420.000000 3387.200000 -19.662000
927130.000000 620910.000000 3629.000000 -15.632000
929070.000000 596200.000000 3387.200000 -2.580600
929070.000000 598700.000000 3306.600000 -0.206800
929070.000000 601190.000000 3226.000000 -5.552000
929070.000000 603690.000000 3226.000000 -8.833300
929070.000000 606190.000000 3306.600000 -12.460000
929070.000000 608430.000000 3467.800000 -16.227000
929070.000000 610930.000000 3709.600000 -18.106000
929070.000000 613420.000000 3870.800000 -18.787000
929070.000000 615920.000000 3870.800000 -22.465000
929070.000000 618420.000000 3467.800000 -19.360000
929070.000000 620910.000000 3548.400000 -14.276000
931010.000000 596200.000000 3306.600000 -4.381800
931010.000000 598700.000000 3306.600000 -6.994000
931010.000000 601190.000000 3226.000000 -9.865000
931010.000000 603690.000000 3226.000000 -12.986000
931010.000000 606190.000000 3306.600000 -13.306000
931010.000000 608430.000000 3387.200000 -14.725000
931010.000000 610930.000000 3629.000000 -18.699000
931010.000000 613420.000000 3870.800000 -16.234000
931010.000000 615920.000000 3548.400000 -14.325000
931010.000000 618420.000000 3387.200000 -15.087000
931010.000000 620910.000000 3145.400000 -8.526000
932760.000000 596200.000000 3306.600000 -6.402000
932760.000000 598700.000000 3306.600000 -9.388600
932760.000000 601190.000000 3226.000000 -11.844000
932760.000000 603690.000000 3226.000000 -14.883000
932760.000000 606190.000000 3226.000000 -14.870000
932760.000000 608430.000000 3306.600000 -12.018000
932760.000000 610930.000000 3467.800000 -13.448000
932760.000000 613420.000000 3709.600000 -12.546000
932760.000000 615920.000000 3629.000000 -8.384200
932760.000000 618420.000000 3226.000000 -4.973400
932760.000000 620910.000000 3145.400000 -5.020200
934710.000000 596200.000000 3306.600000 -8.675400
934710.000000 598700.000000 3306.600000 -13.702000
934710.000000 601190.000000 3306.600000 -15.355000
934710.000000 603690.000000 3226.000000 -16.018000
934710.000000 606190.000000 3226.000000 -12.380000
934710.000000 608430.000000 3226.000000 -9.044700
934710.000000 610930.000000 3387.200000 -11.704000
934710.000000 613420.000000 3548.400000 -9.663300
934710.000000 615920.000000 3387.200000 -2.609000
934710.000000 618420.000000 3145.400000 0.031518
934710.000000 620910.000000 3064.800000 2.274700
936650.000000 596200.000000 3306.600000 -10.133000
936650.000000 598700.000000 3306.600000 -14.389000
936650.000000 601190.000000 3306.600000 -11.900000
936650.000000 603690.000000 3387.200000 -16.844000
936650.000000 606190.000000 3145.400000 -11.413000
936650.000000 608430.000000 3226.000000 -7.884000
936650.000000 610930.000000 3306.600000 -10.192000
936650.000000 613420.000000 3387.200000 -4.884500
936650.000000 615920.000000 3306.600000 3.579000
936650.000000 618420.000000 2984.200000 5.319100
936650.000000 620910.000000 2903.600000 7.060200
938590.000000 596200.000000 3306.600000 -11.025000
938590.000000 598700.000000 3387.200000 -16.197000
938590.000000 601190.000000 3467.800000 -17.149000
938590.000000 603690.000000 3387.200000 -15.302000
938590.000000 606190.000000 3145.400000 -11.602000
938590.000000 608430.000000 3145.400000 -5.574600
938590.000000 610930.000000 3226.000000 -5.890700
938590.000000 613420.000000 3306.600000 -1.210000
938590.000000 615920.000000 3467.800000 1.418900
938590.000000 618420.000000 3387.200000 1.873100
938590.000000 620910.000000 3226.000000 5.388800
940540.000000 596200.000000 3306.600000 -8.359300
940540.000000 598700.000000 3387.200000 -11.400000
940540.000000 601190.000000 3709.600000 -12.724000
940540.000000 603690.000000 3467.800000 -8.525300
940540.000000 606190.000000 3226.000000 -6.210000
940540.000000 608430.000000 3145.400000 -6.880000
940540.000000 610930.000000 3145.400000 -2.960800
940540.000000 613420.000000 3306.600000 -0.865790
940540.000000 615920.000000 3467.800000 0.261150
940540.000000 618420.000000 3467.800000 -0.665830
940540.000000 620910.000000 3548.400000 -0.830070
