928290.000000 606930.000000 3306.600000 -13.182000
938010.000000 616420.000000 3387.200000 4.226800
937430.000000 599450.000000 3387.200000 -16.867000
924020.000000 618420.000000 3387.200000 -19.747000
926550.000000 600440.000000 3226.000000 -3.215200
933540.000000 603940.000000 3226.000000 -14.718000
926350.000000 615670.000000 3548.400000 -16.310000
922080.000000 609430.000000 3226.000000 -7.052700
939570.000000 609430.000000 3145.400000 -7.269100
932180.000000 616420.000000 3467.800000 -8.880900
922080.000000 603440.000000 3548.400000 -14.329000
932760.000000 599450.000000 3226.000000 -8.876800
936840.000000 605940.000000 3145.400000 -13.169000
935100.000000 610430.000000 3306.600000 -11.386000
923630.000000 597200.000000 3306.600000 -4.117800
938010.000000 620160.000000 3226.000000 4.161200
930430.000000 612670.000000 3790.200000 -14.701000
926550.000000 611930.000000 3548.400000 -6.808800
925770.000000 620160.000000 3548.400000 -21.357000
922270.000000 613420.000000 2984.200000 -9.666200
936840.000000 597200.000000 3306.600000 -14.261000
925570.000000 604440.000000 3306.600000 -15.065000
924410.000000 608180.000000 3306.600000 -12.940000
929070.000000 618420.000000 3467.800000 -19.360000
927520.000000 596950.000000 3306.600000 -3.094500
934120.000000 612420.000000 3548.400000 -10.733000
939570.000000 603440.000000 3548.400000 -14.842000
936070.000000 620160.000000 2903.600000 7.153700
929850.000000 605190.000000 3226.000000 -10.733000
931600.000000 608930.000000 3387.200000 -13.542000
935290.000000 602440.000000 3306.600000 -14.066000
939760.000000 611430.000000 3226.000000 -4.286700
931010.000000 601440.000000 3226.000000 -9.396100
939570.000000 617920.000000 3387.200000 2.155000
923240.000000 599950.000000 3387.200000 -8.292700
933930.000000 620160.000000 2984.200000 2.564700
935290.000000 607930.000000 3226.000000 -9.156000
937620.000000 603690.000000 3387.200000 -16.186000
924410.000000 614670.000000 3226.000000 -12.594000
930820.000000 614670.000000 3629.000000 -13.149000
935100.000000 598700.000000 3306.600000 -13.430000
930430.000000 599450.000000 3306.600000 -6.500500
939950.000000 596950.000000 3306.600000 -13.241000
934120.000000 616420.000000 3467.800000 -3.437200
922080.000000 619910.000000 3709.600000 -18.814000
927910.000000 609930.000000 3548.400000 -16.590000
930630.000000 606930.000000 3306.600000 -11.934000
937620.000000 610930.000000 3226.000000 -6.963300
922270.000000 605440.000000 3790.200000 -18.477000
924020.000000 603440.000000 3387.200000 -15.406000
925570.000000 610180.000000 3387.200000 -7.376200
939760.000000 613670.000000 3306.600000 -0.857540
922080.000000 617670.000000 3387.200000 -16.805000
929270.000000 603190.000000 3226.000000 -8.672500
939950.000000 607180.000000 3145.400000 -9.180500
925960.000000 617920.000000 3387.200000 -19.955000
935290.000000 614420.000000 3387.200000 -3.826600
934510.000000 605940.000000 3226.000000 -11.535000
932960.000000 618420.000000 3145.400000 -2.692800
933150.000000 597200.000000 3387.200000 -10.227000
932180.000000 613170.000000 3790.200000 -14.178000
931400.000000 597200.000000 3387.200000 -6.918500
922270.000000 615420.000000 2984.200000 -9.907300
926550.000000 613670.000000 3709.600000 -12.418000
938010.000000 607430.000000 3145.400000 -8.063300
924410.000000 612420.000000 3306.600000 -3.935600
939570.000000 599200.000000 3467.800000 -16.963000
935680.000000 604440.000000 3226.000000 -15.718000
939370.000000 605440.000000 3306.600000 -13.096000
933150.000000 601690.000000 3226.000000 -13.539000
926740.000000 598700.000000 3226.000000 -3.937100
930430.000000 610680.000000 3629.000000 -17.231000
936260.000000 616420.000000 3226.000000 2.554600
923820.000000 610180.000000 3064.800000 -8.634800
939570.000000 601190.000000 3548.400000 -15.796000
922270.000000 607680.000000 3467.800000 -12.634000
938010.000000 612920.000000 3306.600000 -4.243600
924600.000000 601440.000000 3387.200000 -12.114000
928680.000000 601190.000000 3226.000000 -3.736600
931010.000000 618420.000000 3387.200000 -15.087000
931400.000000 603440.000000 3226.000000 -12.956000
922080.000000 596950.000000 3387.200000 -4.245900
927710.000000 604690.000000 3226.000000 -11.308000
925380.000000 596950.000000 3226.000000 -4.957600
935100.000000 600440.000000 3306.600000 -13.547000
924800.000000 599200.000000 3306.600000 -5.128300
928490.000000 615420.000000 3790.200000 -21.183000
928680.000000 611680.000000 3951.400000 -19.755000
937430.000000 618420.000000 3226.000000 1.981100
932760.000000 607180.000000 3306.600000 -15.204000
924020.000000 620160.000000 3629.000000 -20.676000
924020.000000 605940.000000 3387.200000 -16.039000
937230.000000 601690.000000 3387.200000 -13.667000
929460.000000 608680.000000 3467.800000 -16.275000
927710.000000 617170.000000 3629.000000 -22.705000
932760.000000 610930.000000 3467.800000 -13.448000
937040.000000 609180.000000 3226.000000 -8.149000
930040.000000 616670.000000 3548.400000 -17.292000
927520.000000 619910.000000 3467.800000 -19.612000
938400.000000 597200.000000 3306.600000 -14.803000
924410.000000 616420.000000 3226.000000 -14.204000
926160.000000 606430.000000 3306.600000 -14.299000
928490.000000 599200.000000 3226.000000 -0.055734
939760.000000 619910.000000 3629.000000 -2.736500
926740.000000 602690.000000 3226.000000 -8.864300
935100.000000 596950.000000 3306.600000 -12.252000
929650.000000 620160.000000 3387.200000 -17.090000
926740.000000 608430.000000 3387.200000 -15.494000
935100.000000 618170.000000 3145.400000 0.623890
931990.000000 605440.000000 3226.000000 -14.013000
928680.000000 613670.000000 3951.400000 -20.302000
933150.000000 614670.000000 3629.000000 -7.714500
922270.000000 611680.000000 3064.800000 -4.079900
929460.000000 597200.000000 3306.600000 -1.301900
937430.000000 614670.000000 3387.200000 -1.515500
936260.000000 612420.000000 3387.200000 -9.363100
931790.000000 620160.000000 3306.600000 -12.418000
922080.000000 601440.000000 3709.600000 -15.384000
922080.000000 598950.000000 3467.800000 -7.473700
933740.000000 609180.000000 3306.600000 -12.543000
939760.000000 615670.000000 3467.800000 0.194180
