4729300.000000 2047900.000000 2215.000000 -2.966300
4729300.000000 2050500.000000 2035.000000 -3.265400
4729300.000000 2052800.000000 2935.000000 -5.043700
4729300.000000 2055300.000000 3295.000000 -4.142800
4729300.000000 2057900.000000 2755.000000 -0.293290
4729300.000000 2060400.000000 2755.000000 -0.358410
4732100.000000 2047900.000000 2215.000000 -3.510100
4732100.000000 2050500.000000 1855.000000 -0.672270
4732100.000000 2052800.000000 2575.000000 -6.555600
4732100.000000 2055300.000000 2575.000000 -8.316700
4732100.000000 2057900.000000 2395.000000 -1.437700
4732100.000000 2060400.000000 2215.000000 -0.481720
4734800.000000 2047900.000000 1675.000000 -2.892200
4734800.000000 2050500.000000 2035.000000 -1.913200
4734800.000000 2052800.000000 1855.000000 -3.063700
4734800.000000 2055300.000000 2395.000000 -13.639000
4734800.000000 2057900.000000 2575.000000 -3.065500
4734800.000000 2060400.000000 2755.000000 -1.011400
4737300.000000 2047900.000000 1495.000000 -1.737700
4737300.000000 2050500.000000 1855.000000 -0.599830
4737300.000000 2052800.000000 2395.000000 -3.624200
4737300.000000 2055300.000000 2395.000000 -9.384400
4737300.000000 2057900.000000 2215.000000 -4.984600
4737300.000000 2060400.000000 3115.000000 -5.239200
4740000.000000 2047900.000000 2035.000000 -3.622900
4740000.000000 2050500.000000 1675.000000 2.234700
4740000.000000 2052800.000000 2215.000000 -1.882800
4740000.000000 2055300.000000 3295.000000 -9.556900
4740000.000000 2057900.000000 2935.000000 -8.913500
4740000.000000 2060400.000000 2755.000000 -5.555300
4742800.000000 2047900.000000 1675.000000 -0.645830
4742800.000000 2050500.000000 2035.000000 0.155770
4742800.000000 2052800.000000 2395.000000 -1.966800
4742800.000000 2055300.000000 2575.000000 -4.787600
4742800.000000 2057900.000000 2215.000000 -4.165000
4742800.000000 2060400.000000 2395.000000 -3.417900
