4737000.000000 2059900.000000 2935.000000 -4.896800
4735400.000000 2051500.000000 1675.000000 -0.405460
4735100.000000 2051500.000000 1675.000000 -0.884290
4741700.000000 2057400.000000 2575.000000 -6.683600
4737600.000000 2057400.000000 2215.000000 -6.913600
4732900.000000 2052500.000000 2215.000000 -3.516400
4737800.000000 2056300.000000 2755.000000 -10.204000
4742500.000000 2048900.000000 2035.000000 -3.292400
4731800.000000 2059900.000000 2395.000000 -0.754760
4742800.000000 2055600.000000 2755.000000 -4.781300
4731800.000000 2053300.000000 2755.000000 -8.348300
4730400.000000 2059700.000000 2575.000000 -0.988800
4734300.000000 2053800.000000 2215.000000 -7.744700
4735400.000000 2055800.000000 2575.000000 -13.639000
4732900.000000 2053000.000000 2215.000000 -5.430800
4734300.000000 2052000.000000 1855.000000 -2.030300
4737000.000000 2051500.000000 1855.000000 -0.084819
4738100.000000 2049500.000000 1675.000000 -0.372790
4731500.000000 2048400.000000 1855.000000 -2.268600
4735400.000000 2048700.000000 1675.000000 -4.689900
4740600.000000 2053500.000000 2755.000000 -6.276700
4733200.000000 2052800.000000 2035.000000 -2.955100
4740300.000000 2050700.000000 1855.000000 3.142500
4742500.000000 2057100.000000 2395.000000 -5.607000
4730200.000000 2059700.000000 2575.000000 -0.469560
4734000.000000 2058400.000000 2215.000000 -1.827600
4736200.000000 2051500.000000 1855.000000 -0.288840
4734800.000000 2056600.000000 2215.000000 -5.802200
4736500.000000 2054300.000000 2395.000000 -11.664000
4732100.000000 2050200.000000 1675.000000 0.130840
4737000.000000 2054800.000000 2395.000000 -11.149000
4730200.000000 2059100.000000 2215.000000 -0.692360
4735600.000000 2055300.000000 2395.000000 -14.427000
4740300.000000 2056100.000000 3295.000000 -9.355600
4734300.000000 2056100.000000 2035.000000 -6.429600
4735400.000000 2054000.000000 2575.000000 -13.880000
4739200.000000 2053500.000000 2575.000000 -6.473900
4736700.000000 2052000.000000 1855.000000 -0.768110
4740000.000000 2058600.000000 2755.000000 -8.232700
4736200.000000 2050000.000000 1855.000000 -1.733400
4741700.000000 2054000.000000 2755.000000 -6.405400
4736200.000000 2053800.000000 2575.000000 -12.004000
4739700.000000 2057100.000000 2935.000000 -8.651400
4736200.000000 2052000.000000 2035.000000 -0.969190
