4734800.000000 2057100.000000 2395.000000 -4.912900
4740000.000000 2054800.000000 3115.000000 -8.273800
4738100.000000 2048900.000000 1675.000000 -2.231800
4730400.000000 2050500.000000 2035.000000 -3.805200
4738100.000000 2059700.000000 2755.000000 -7.174400
4732100.000000 2054600.000000 2575.000000 -8.446700
4730200.000000 2057900.000000 2935.000000 -0.937240
4741900.000000 2051500.000000 2215.000000 0.892010
4733700.000000 2053000.000000 1855.000000 -3.375600
4741900.000000 2059700.000000 2755.000000 -5.992400
4734000.000000 2050700.000000 2035.000000 -1.601700
4741900.000000 2049200.000000 2215.000000 -4.324800
4734300.000000 2059700.000000 2575.000000 -1.363300
4737300.000000 2054000.000000 2575.000000 -9.721700
4740000.000000 2057100.000000 3115.000000 -9.247900
4739500.000000 2050500.000000 1855.000000 0.879210
4730200.000000 2052300.000000 2755.000000 -6.453500
4733700.000000 2048700.000000 1855.000000 -3.759800
4738100.000000 2057900.000000 2575.000000 -8.344200
4736500.000000 2050500.000000 1495.000000 0.498570
4730200.000000 2059700.000000 2575.000000 -0.469560
4741900.000000 2055600.000000 2935.000000 -7.310000
4739700.000000 2052800.000000 2215.000000 -1.522100
4740000.000000 2048700.000000 2215.000000 -5.613000
4740000.000000 2059400.000000 2755.000000 -8.252600
4730200.000000 2055800.000000 3295.000000 -6.118600
4735100.000000 2054800.000000 2575.000000 -14.423000
4741900.000000 2057600.000000 2575.000000 -6.792200
4733200.000000 2058100.000000 2035.000000 -1.411900
4735600.000000 2048700.000000 1675.000000 -4.003700
4736200.000000 2059700.000000 2935.000000 -2.540300
4732100.000000 2049200.000000 1855.000000 -1.835600
4732100.000000 2052000.000000 2395.000000 -2.894300
4735900.000000 2052500.000000 2215.000000 -2.664600
4731800.000000 2057100.000000 2395.000000 -2.094500
4736200.000000 2058100.000000 2575.000000 -3.592400
4730200.000000 2054000.000000 2935.000000 -3.942000
4738100.000000 2052000.000000 2575.000000 -2.170400
4736500.000000 2056100.000000 2215.000000 -8.710500
4733400.000000 2055800.000000 2035.000000 -7.082400
4741900.000000 2053500.000000 2395.000000 -4.665800
4730200.000000 2048700.000000 1855.000000 -3.573900
4738400.000000 2055800.000000 2755.000000 -10.894000
4732100.000000 2059700.000000 2215.000000 -0.580340
