4740800.000000 2059900.000000 2575.000000 -6.750300
4741400.000000 2056900.000000 2935.000000 -8.206300
4738400.000000 2058100.000000 2395.000000 -7.491300
4738400.000000 2057400.000000 2575.000000 -9.416500
4741400.000000 2055600.000000 2935.000000 -7.811300
4741700.000000 2058100.000000 2935.000000 -7.932100
4737800.000000 2057600.000000 2395.000000 -7.938200
4737000.000000 2054800.000000 2395.000000 -11.149000
4741900.000000 2054800.000000 2575.000000 -6.636300
4734000.000000 2059100.000000 2395.000000 -1.688900
4735900.000000 2058100.000000 2755.000000 -4.955000
4729300.000000 2056300.000000 3115.000000 -1.402700
4735900.000000 2056300.000000 2395.000000 -10.533000
4733700.000000 2059400.000000 2215.000000 -1.159300
4733700.000000 2053300.000000 1855.000000 -4.592800
4730200.000000 2052500.000000 2935.000000 -6.207100
4734000.000000 2053800.000000 2035.000000 -6.774400
4729600.000000 2053500.000000 3295.000000 -5.568200
4733200.000000 2054000.000000 1855.000000 -6.304800
4731500.000000 2049700.000000 1855.000000 -0.945150
4734000.000000 2053300.000000 2035.000000 -4.930600
4732400.000000 2049700.000000 1675.000000 0.132450
4729600.000000 2052300.000000 2575.000000 -4.395400
4732600.000000 2049700.000000 1675.000000 -0.238530
4733200.000000 2052800.000000 2035.000000 -2.955100
4734500.000000 2053000.000000 2035.000000 -4.954600
4735600.000000 2048900.000000 1675.000000 -4.123000
4730400.000000 2048700.000000 1675.000000 -1.317300
4735100.000000 2052500.000000 2035.000000 -2.716900
4729600.000000 2050200.000000 2035.000000 -3.987700
4729900.000000 2052800.000000 3115.000000 -6.594000
4733400.000000 2050000.000000 1495.000000 0.009422
4735600.000000 2052800.000000 2215.000000 -3.706800
4730700.000000 2050500.000000 2035.000000 -3.688500
4735400.000000 2050000.000000 2035.000000 -3.049500
4730200.000000 2054000.000000 2935.000000 -3.942000
4734800.000000 2052000.000000 1675.000000 -1.763200
4735400.000000 2053300.000000 2215.000000 -5.813200
4733700.000000 2052800.000000 1855.000000 -2.860400
4732100.000000 2048700.000000 2215.000000 -4.215800
4738900.000000 2051800.000000 2035.000000 0.728940
4742200.000000 2054000.000000 2395.000000 -5.760900
4737000.000000 2049200.000000 1675.000000 -3.154400
4741900.000000 2052300.000000 2035.000000 0.711150
