4734269.000000 2057108.000000 2215.000000 13.101000
4741119.000000 2049968.000000 2035.000000 71.660550
4731255.000000 2048692.000000 1855.000000 15.895530
4739475.000000 2056342.000000 2935.000000 -42.373320
4734817.000000 2053538.000000 2215.000000 40.861350
4729611.000000 2054302.000000 3295.000000 5.472891
4730707.000000 2059148.000000 2035.000000 -8.924797
4737009.000000 2058128.000000 2395.000000 -2.876203
4738105.000000 2052262.000000 2395.000000 12.219770
4735091.000000 2048948.000000 1495.000000 13.260680
4741667.000000 2059658.000000 2755.000000 -107.715400
4740571.000000 2053282.000000 2755.000000 -39.202560
4730981.000000 2052008.000000 2575.000000 21.047580
4738653.000000 2049712.000000 1855.000000 11.982920
4735091.000000 2058128.000000 2575.000000 -3.175390
4742489.000000 2054812.000000 2395.000000 -40.094960
4732077.000000 2055832.000000 2575.000000 14.658520
4732625.000000 2050732.000000 1675.000000 10.071470
4740023.000000 2059148.000000 2755.000000 -41.479220
4735091.000000 2051498.000000 1675.000000 111.461800
4736461.000000 2056342.000000 2215.000000 -23.848230
4732899.000000 2058638.000000 2035.000000 -3.594039
4729611.000000 2056342.000000 3115.000000 0.217557
4738927.000000 2054302.000000 2935.000000 -87.175300
4732077.000000 2053792.000000 2575.000000 -0.788801
4736735.000000 2054558.000000 2575.000000 -56.277430
4742489.000000 2052262.000000 2215.000000 -30.049920
4741119.000000 2058382.000000 3115.000000 -86.388430
4741667.000000 2048438.000000 1855.000000 25.478430
4737831.000000 2048948.000000 1675.000000 17.806580
4735913.000000 2059148.000000 2935.000000 1.720841
4733447.000000 2048182.000000 2215.000000 23.027750
4730159.000000 2049458.000000 1855.000000 3.530557
4734269.000000 2055322.000000 2215.000000 -43.692650
4738379.000000 2059912.000000 2575.000000 -91.872790
4733995.000000 2050222.000000 1855.000000 33.346000
4733173.000000 2060168.000000 2035.000000 -1.655624
4733447.000000 2051498.000000 2035.000000 20.641420
4739749.000000 2051242.000000 2035.000000 -15.741700
4741393.000000 2056852.000000 2935.000000 -43.696780
4737831.000000 2051242.000000 2035.000000 24.655350
4730433.000000 2050988.000000 2215.000000 12.709290
4730433.000000 2057618.000000 3115.000000 6.868618
4736735.000000 2050988.000000 1675.000000 79.536820
4736461.000000 2053028.000000 2215.000000 252.232400
4740845.000000 2054558.000000 2935.000000 -53.387260
4738379.000000 2048182.000000 1855.000000 13.435840
4735091.000000 2059148.000000 2935.000000 5.326962
4729611.000000 2053028.000000 3115.000000 22.599770
4731255.000000 2054812.000000 2935.000000 14.003480
4729611.000000 2059402.000000 2395.000000 -0.503511
4741393.000000 2052262.000000 2215.000000 -55.264440
4738379.000000 2057872.000000 2575.000000 -100.204700
4742489.000000 2049458.000000 1855.000000 30.193660
4733447.000000 2056342.000000 1855.000000 -9.014201
4730981.000000 2055832.000000 2935.000000 7.629128
4742489.000000 2058382.000000 2395.000000 -55.873040
4739749.000000 2048438.000000 2215.000000 16.982560
4735913.000000 2048438.000000 1855.000000 2.833725
4733721.000000 2054302.000000 1855.000000 -21.066070
4737831.000000 2056342.000000 2755.000000 -3.752226
4741667.000000 2051242.000000 2035.000000 -6.490905
4730707.000000 2053028.000000 3115.000000 15.705760
4740571.000000 2057618.000000 3115.000000 -69.379030
4739475.000000 2053538.000000 2395.000000 -98.997870
4735913.000000 2057362.000000 2395.000000 1.675412
4738105.000000 2055322.000000 2935.000000 -22.413340
4731803.000000 2057362.000000 2395.000000 -0.324021
4741667.000000 2054302.000000 2755.000000 -31.489570
4735091.000000 2050222.000000 2035.000000 68.497840
4732625.000000 2048692.000000 2215.000000 22.489530
4737283.000000 2053538.000000 2575.000000 42.057160
4740297.000000 2055322.000000 3115.000000 -49.171010
4741941.000000 2053282.000000 2575.000000 -69.936530
4740023.000000 2058382.000000 2755.000000 -59.677440
4731529.000000 2050988.000000 2215.000000 5.036376
4742489.000000 2060168.000000 2575.000000 -127.920900
4742489.000000 2056852.000000 2575.000000 -57.622470
4732077.000000 2051752.000000 2215.000000 7.067962
4736187.000000 2055322.000000 2575.000000 -162.729200
4739201.000000 2052518.000000 2215.000000 -8.253289
4730981.000000 2049968.000000 1675.000000 6.445057
4733721.000000 2053028.000000 1855.000000 6.375107
4730981.000000 2060168.000000 2575.000000 -14.844290
4729611.000000 2058382.000000 2395.000000 -5.130777
4737557.000000 2057362.000000 2215.000000 -35.330640
4731803.000000 2059148.000000 2035.000000 -12.980130
4735639.000000 2054558.000000 2575.000000 -83.708420
4729611.000000 2050478.000000 2035.000000 15.415290
4734269.000000 2059912.000000 2395.000000 -4.534068
4739201.000000 2060168.000000 2755.000000 -129.616400
4736461.000000 2051752.000000 1855.000000 101.644700
4733721.000000 2058128.000000 2035.000000 -13.650680
4736187.000000 2058382.000000 2755.000000 2.186251
4737009.000000 2049968.000000 1495.000000 -53.047890
4737283.000000 2060168.000000 3115.000000 -11.753920
4730433.000000 2054302.000000 2935.000000 9.250062
4734543.000000 2056088.000000 2215.000000 -53.867910
4740571.000000 2048948.000000 2395.000000 -37.044180
4739749.000000 2054302.000000 2935.000000 -80.982390
4735365.000000 2052518.000000 2035.000000 153.545600
4729885.000000 2055322.000000 3115.000000 8.771268
4739749.000000 2049712.000000 1855.000000 20.727410
4742489.000000 2048438.000000 1855.000000 26.919070
4732077.000000 2048182.000000 2215.000000 9.140605
4740297.000000 2060168.000000 2755.000000 -123.775700
4734269.000000 2051242.000000 2215.000000 31.992520
4732351.000000 2054812.000000 2395.000000 4.197418
4737831.000000 2050222.000000 1675.000000 -2.249148
4732899.000000 2052518.000000 2215.000000 18.703190
4729611.000000 2048182.000000 2215.000000 2.095174
4732625.000000 2049712.000000 1675.000000 9.795140
4734269.000000 2048948.000000 1675.000000 18.236530
4737009.000000 2055578.000000 2395.000000 -43.345490
4741941.000000 2049968.000000 2215.000000 18.364330
4735091.000000 2060168.000000 2755.000000 -4.573554
4742489.000000 2053792.000000 2215.000000 -47.752570
4740845.000000 2050988.000000 1855.000000 21.921670
4736735.000000 2048948.000000 1675.000000 -4.867693
4738927.000000 2055322.000000 2935.000000 -48.248160
4737283.000000 2048182.000000 1495.000000 12.687810
4734817.000000 2054558.000000 2395.000000 -36.961650
4739749.000000 2050478.000000 1675.000000 8.775512
4731803.000000 2049458.000000 1855.000000 10.854020
4734817.000000 2048182.000000 1675.000000 9.450888
4731255.000000 2056852.000000 2935.000000 13.731700
4738927.000000 2058892.000000 2395.000000 -34.698810
4732077.000000 2059912.000000 2215.000000 12.275100
4733173.000000 2055578.000000 1855.000000 -15.055340
4737283.000000 2052772.000000 2395.000000 144.364600
4737009.000000 2059148.000000 2755.000000 -9.498130
4736735.000000 2057108.000000 2215.000000 -6.793154
4735913.000000 2049712.000000 2035.000000 -49.701900
4732625.000000 2056852.000000 2215.000000 0.149378
4732899.000000 2053792.000000 2035.000000 -11.954960
4740571.000000 2051752.000000 2035.000000 -74.686190
4741393.000000 2055578.000000 2935.000000 -67.456510
4729611.000000 2057362.000000 2935.000000 -7.856983
4734269.000000 2052262.000000 1675.000000 62.883800
4738653.000000 2048948.000000 1855.000000 29.124450
4729611.000000 2049202.000000 1855.000000 2.376177
4740023.000000 2052518.000000 2215.000000 -66.437590
4733995.000000 2058638.000000 2215.000000 -10.954400
4735365.000000 2055832.000000 2575.000000 -146.363100
4738927.000000 2050732.000000 1855.000000 7.743129
4739201.000000 2057618.000000 2935.000000 -106.592500
4729611.000000 2051752.000000 2395.000000 15.730210
4740845.000000 2056088.000000 3295.000000 -66.922950
4729611.000000 2060168.000000 2575.000000 -6.163964
4733447.000000 2059402.000000 2035.000000 -4.175003
4731803.000000 2053028.000000 2935.000000 14.366950
4736461.000000 2060168.000000 3115.000000 9.529358
4738105.000000 2054558.000000 2755.000000 -0.849181
4732351.000000 2058128.000000 2215.000000 -5.557917
4738653.000000 2056598.000000 2755.000000 -51.738540
4742489.000000 2050988.000000 2395.000000 -67.328940
4742489.000000 2056088.000000 2935.000000 -60.623810
4736187.000000 2053792.000000 2575.000000 -9.259613
4741941.000000 2057618.000000 2575.000000 -59.400820
4731255.000000 2053792.000000 2575.000000 2.055668
4737283.000000 2051752.000000 2035.000000 66.509840
4738653.000000 2053282.000000 2395.000000 0.434076
4735913.000000 2050732.000000 1675.000000 80.233140
4740571.000000 2048182.000000 2035.000000 19.921460
4738927.000000 2051498.000000 1855.000000 2.351104
4740845.000000 2059658.000000 2755.000000 -81.157550
4730981.000000 2058382.000000 2575.000000 -7.591950
4733447.000000 2049458.000000 1675.000000 12.747510
4740023.000000 2056598.000000 3115.000000 -45.057240
4738105.000000 2058892.000000 2395.000000 -69.690720
4730433.000000 2056852.000000 3295.000000 15.345930
4742489.000000 2059148.000000 2395.000000 -54.194050
4733173.000000 2057362.000000 1855.000000 -15.457150
4735091.000000 2057108.000000 2395.000000 8.192358
4730433.000000 2048182.000000 1675.000000 11.596620
