4729337.000000 2047928.000000 2215.000000 2.551700
4729337.000000 2048948.000000 1855.000000 12.420810
4729337.000000 2049968.000000 1855.000000 9.758282
4729337.000000 2050988.000000 2215.000000 16.653960
4729337.000000 2052008.000000 2395.000000 26.369230
4729337.000000 2053028.000000 3115.000000 15.792530
4729337.000000 2054048.000000 3295.000000 9.857724
4729337.000000 2055322.000000 3295.000000 1.780194
4729337.000000 2056342.000000 3115.000000 16.812770
4729337.000000 2057362.000000 2935.000000 5.406030
4729337.000000 2058382.000000 2395.000000 0.855880
4729337.000000 2059402.000000 2395.000000 -0.920425
4729337.000000 2060422.000000 2755.000000 0.257802
4730433.000000 2047928.000000 1675.000000 18.092540
4730433.000000 2048948.000000 1855.000000 21.022870
4730433.000000 2049968.000000 1855.000000 15.095740
4730433.000000 2050988.000000 2215.000000 12.709290
4730433.000000 2052008.000000 2755.000000 0.684363
4730433.000000 2053028.000000 3115.000000 9.958067
4730433.000000 2054048.000000 2935.000000 4.858594
4730433.000000 2055322.000000 2935.000000 7.662463
4730433.000000 2056342.000000 3295.000000 14.691850
4730433.000000 2057362.000000 3115.000000 10.486560
4730433.000000 2058382.000000 2755.000000 -17.032660
4730433.000000 2059402.000000 2395.000000 -0.525246
4730433.000000 2060422.000000 2755.000000 2.687812
4731529.000000 2047928.000000 2035.000000 7.959655
4731529.000000 2048948.000000 1855.000000 15.285630
4731529.000000 2049968.000000 1675.000000 7.717750
4731529.000000 2050988.000000 2215.000000 5.036376
4731529.000000 2052008.000000 2575.000000 -0.864383
4731529.000000 2053028.000000 2935.000000 17.142790
4731529.000000 2054048.000000 2575.000000 5.072054
4731529.000000 2055322.000000 2755.000000 5.052752
4731529.000000 2056342.000000 2755.000000 8.911548
4731529.000000 2057362.000000 2575.000000 6.083544
4731529.000000 2058382.000000 2395.000000 -1.376291
4731529.000000 2059402.000000 2395.000000 -8.027190
4731529.000000 2060422.000000 2215.000000 0.799181
4732625.000000 2047928.000000 2395.000000 6.859150
4732625.000000 2048948.000000 2035.000000 15.386760
4732625.000000 2049968.000000 1495.000000 -5.342699
4732625.000000 2050988.000000 1855.000000 10.529660
4732625.000000 2052008.000000 2215.000000 9.598199
4732625.000000 2053028.000000 2395.000000 8.361846
4732625.000000 2054048.000000 2215.000000 2.286068
4732625.000000 2055322.000000 2215.000000 -7.142447
4732625.000000 2056342.000000 2215.000000 6.775211
4732625.000000 2057362.000000 2215.000000 4.394490
4732625.000000 2058382.000000 2035.000000 -10.295200
4732625.000000 2059402.000000 2035.000000 1.102076
4732625.000000 2060422.000000 2215.000000 -9.037321
4733721.000000 2047928.000000 2215.000000 1.003933
4733721.000000 2048948.000000 1855.000000 17.089970
4733721.000000 2049968.000000 1675.000000 7.668939
4733721.000000 2050988.000000 2035.000000 9.258936
4733721.000000 2052008.000000 2035.000000 38.839010
4733721.000000 2053028.000000 1855.000000 6.375107
4733721.000000 2054048.000000 1855.000000 -8.252906
4733721.000000 2055322.000000 2035.000000 -30.314150
4733721.000000 2056342.000000 1855.000000 -10.665000
4733721.000000 2057362.000000 2215.000000 11.523390
4733721.000000 2058382.000000 2035.000000 -14.545770
4733721.000000 2059402.000000 2215.000000 -2.690171
4733721.000000 2060422.000000 2395.000000 -7.823528
4734817.000000 2047928.000000 1675.000000 14.122850
4734817.000000 2048948.000000 1495.000000 7.895860
4734817.000000 2049968.000000 1855.000000 22.878760
4734817.000000 2050988.000000 1855.000000 20.644430
4734817.000000 2052008.000000 1675.000000 98.338200
4734817.000000 2053028.000000 2035.000000 219.178400
4734817.000000 2054048.000000 2395.000000 -11.078740
4734817.000000 2055322.000000 2395.000000 -132.382400
4734817.000000 2056342.000000 2215.000000 -4.835933
4734817.000000 2057362.000000 2395.000000 7.518529
4734817.000000 2058382.000000 2755.000000 22.481900
4734817.000000 2059402.000000 2755.000000 -2.602274
4734817.000000 2060422.000000 2755.000000 2.670987
4735913.000000 2047928.000000 1675.000000 -8.591428
4735913.000000 2048948.000000 1855.000000 -15.195960
4735913.000000 2049968.000000 1855.000000 28.092080
4735913.000000 2050988.000000 1855.000000 73.809340
4735913.000000 2052008.000000 2035.000000 133.773000
4735913.000000 2053028.000000 2215.000000 211.066800
4735913.000000 2054048.000000 2395.000000 -43.422130
4735913.000000 2055322.000000 2575.000000 -120.956400
4735913.000000 2056342.000000 2395.000000 -126.260300
4735913.000000 2057362.000000 2395.000000 1.675412
4735913.000000 2058382.000000 2755.000000 3.688240
4735913.000000 2059402.000000 2935.000000 14.325820
4735913.000000 2060422.000000 2935.000000 -13.027590
4737283.000000 2047928.000000 1495.000000 14.157080
4737283.000000 2048948.000000 1495.000000 12.636330
4737283.000000 2049968.000000 1495.000000 -28.000260
4737283.000000 2050988.000000 1855.000000 52.986800
4737283.000000 2052008.000000 2035.000000 80.128320
4737283.000000 2053028.000000 2215.000000 43.094790
4737283.000000 2054048.000000 2575.000000 16.433830
4737283.000000 2055322.000000 2395.000000 -34.222620
4737283.000000 2056342.000000 2575.000000 -26.721400
4737283.000000 2057362.000000 2215.000000 -13.000610
4737283.000000 2058382.000000 2395.000000 -8.176794
4737283.000000 2059402.000000 2755.000000 -16.710950
4737283.000000 2060422.000000 3115.000000 8.281459
4738379.000000 2047928.000000 1855.000000 16.795970
4738379.000000 2048948.000000 1855.000000 8.758912
4738379.000000 2049968.000000 1675.000000 -3.900863
4738379.000000 2050988.000000 2035.000000 5.571097
4738379.000000 2052008.000000 2575.000000 30.122570
4738379.000000 2053028.000000 2395.000000 10.993520
4738379.000000 2054048.000000 2575.000000 -6.775096
4738379.000000 2055322.000000 2935.000000 -12.196080
4738379.000000 2056342.000000 2575.000000 -13.633740
4738379.000000 2057362.000000 2575.000000 -50.610760
4738379.000000 2058382.000000 2395.000000 -52.192050
4738379.000000 2059402.000000 2575.000000 -82.288130
4738379.000000 2060422.000000 2755.000000 -156.485500
4739475.000000 2047928.000000 2035.000000 11.591500
4739475.000000 2048948.000000 2215.000000 20.602550
4739475.000000 2049968.000000 1675.000000 1.366983
4739475.000000 2050988.000000 1855.000000 0.254594
4739475.000000 2052008.000000 2035.000000 -21.087700
4739475.000000 2053028.000000 2215.000000 -84.598180
4739475.000000 2054048.000000 2755.000000 -94.699310
4739475.000000 2055322.000000 3115.000000 -45.248870
4739475.000000 2056342.000000 2935.000000 -42.373320
4739475.000000 2057362.000000 2935.000000 -42.094160
4739475.000000 2058382.000000 2755.000000 -57.363460
4739475.000000 2059402.000000 2575.000000 -93.736220
4739475.000000 2060422.000000 2935.000000 -154.816000
4740571.000000 2047928.000000 2035.000000 13.284720
4740571.000000 2048948.000000 2395.000000 -37.044180
4740571.000000 2049968.000000 2035.000000 54.297660
4740571.000000 2050988.000000 1855.000000 0.965914
4740571.000000 2052008.000000 2215.000000 -74.810040
4740571.000000 2053028.000000 2575.000000 -74.048900
4740571.000000 2054048.000000 2755.000000 -33.848860
4740571.000000 2055322.000000 3115.000000 -23.960750
4740571.000000 2056342.000000 3295.000000 -49.783170
4740571.000000 2057362.000000 3115.000000 -33.473050
4740571.000000 2058382.000000 3115.000000 -68.311530
4740571.000000 2059402.000000 2935.000000 -94.441580
4740571.000000 2060422.000000 2575.000000 -132.992900
4741667.000000 2047928.000000 1855.000000 12.945080
4741667.000000 2048948.000000 2215.000000 -57.669780
4741667.000000 2049968.000000 2215.000000 18.393540
4741667.000000 2050988.000000 2035.000000 1.927256
4741667.000000 2052008.000000 2035.000000 -54.982230
4741667.000000 2053028.000000 2575.000000 -69.092520
4741667.000000 2054048.000000 2755.000000 -52.521040
4741667.000000 2055322.000000 2755.000000 -58.160300
4741667.000000 2056342.000000 2935.000000 -51.936730
4741667.000000 2057362.000000 2575.000000 -26.197870
4741667.000000 2058382.000000 2935.000000 -61.091240
4741667.000000 2059402.000000 2755.000000 -54.356440
4741667.000000 2060422.000000 2215.000000 -114.533000
4742763.000000 2047928.000000 1675.000000 24.069380
4742763.000000 2048948.000000 1855.000000 6.801864
4742763.000000 2049968.000000 1855.000000 22.489790
4742763.000000 2050988.000000 2395.000000 -47.150160
4742763.000000 2052008.000000 2215.000000 -17.862920
4742763.000000 2053028.000000 2395.000000 -67.545110
4742763.000000 2054048.000000 2215.000000 -37.546010
4742763.000000 2055322.000000 2575.000000 -27.679220
4742763.000000 2056342.000000 2755.000000 -73.125860
4742763.000000 2057362.000000 2215.000000 -10.951570
4742763.000000 2058382.000000 2215.000000 -58.424140
4742763.000000 2059402.000000 2215.000000 -68.113640
4742763.000000 2060422.000000 2395.000000 -148.770400
