4740800.000000 2059900.000000 2575.000000 -6.750300
4741400.000000 2056900.000000 2935.000000 -8.206300
4738400.000000 2058100.000000 2395.000000 -7.491300
4738400.000000 2057400.000000 2575.000000 -9.416500
4741400.000000 2055600.000000 2935.000000 -7.811300
4734000.000000 2059100.000000 2395.000000 -1.688900
4735900.000000 2058100.000000 2755.000000 -4.955000
4729300.000000 2056300.000000 3115.000000 -1.402700
4735900.000000 2056300.000000 2395.000000 -10.533000
4733700.000000 2059400.000000 2215.000000 -1.159300
4731300.000000 2057900.000000 2755.000000 -1.789200
4733200.000000 2058100.000000 2035.000000 -1.411900
4734000.000000 2054800.000000 2215.000000 -10.144000
4735600.000000 2055100.000000 2395.000000 -15.109000
4730700.000000 2054800.000000 3115.000000 -6.916700
4734800.000000 2057600.000000 2395.000000 -2.679800
4732400.000000 2060200.000000 2035.000000 -0.057966
4731300.000000 2058600.000000 2215.000000 0.269910
4733700.000000 2058400.000000 2035.000000 -2.097000
4733400.000000 2060200.000000 2215.000000 -0.435640
4730200.000000 2059400.000000 2575.000000 -0.690290
4733400.000000 2058100.000000 2035.000000 -1.873300
4735900.000000 2058900.000000 2935.000000 -4.495300
4735900.000000 2057900.000000 2575.000000 -4.490600
4731800.000000 2056300.000000 2575.000000 -5.509600
4732900.000000 2058100.000000 1855.000000 -1.026000
4734500.000000 2060200.000000 2575.000000 -1.630700
4729300.000000 2059400.000000 2395.000000 -0.325940
4735900.000000 2056100.000000 2395.000000 -12.185000
4731300.000000 2059700.000000 2575.000000 -1.214800
4731500.000000 2056300.000000 2755.000000 -5.488000
4732400.000000 2055100.000000 2395.000000 -7.565900
4730200.000000 2054600.000000 3295.000000 -6.614600
4731300.000000 2055600.000000 2935.000000 -6.771900
4731300.000000 2056900.000000 2935.000000 -4.973200
4735400.000000 2055800.000000 2575.000000 -13.639000
4732400.000000 2059700.000000 2035.000000 -0.110920
4729600.000000 2058900.000000 2215.000000 -0.474940
4731300.000000 2055800.000000 2935.000000 -6.754100
4731300.000000 2054300.000000 2755.000000 -6.324600
4731000.000000 2057400.000000 2755.000000 -1.525800
4731800.000000 2055800.000000 2755.000000 -7.554400
4734800.000000 2058400.000000 2755.000000 -2.391300
4734500.000000 2056100.000000 2215.000000 -9.050400
4730200.000000 2055100.000000 3115.000000 -5.169000
4735100.000000 2060200.000000 2755.000000 -1.520800
4734500.000000 2056600.000000 2215.000000 -6.100600
4735100.000000 2056100.000000 2215.000000 -10.152000
4730400.000000 2058100.000000 2755.000000 -1.031600
4734500.000000 2058100.000000 2575.000000 -2.859100
4731500.000000 2056900.000000 2755.000000 -4.698200
4735400.000000 2058400.000000 2755.000000 -3.481200
4729900.000000 2057600.000000 2935.000000 -0.866680
4731000.000000 2056100.000000 3115.000000 -6.055500
4729600.000000 2060400.000000 2755.000000 -0.418730
4732100.000000 2058900.000000 2035.000000 0.064906
4735400.000000 2060400.000000 2935.000000 -1.586700
4731000.000000 2060400.000000 2575.000000 -0.797650
4732100.000000 2054600.000000 2575.000000 -8.446700
4733700.000000 2053300.000000 1855.000000 -4.592800
4730200.000000 2052500.000000 2935.000000 -6.207100
4734000.000000 2053800.000000 2035.000000 -6.774400
4729600.000000 2053500.000000 3295.000000 -5.568200
4733200.000000 2054000.000000 1855.000000 -6.304800
4731500.000000 2049700.000000 1855.000000 -0.945150
4734000.000000 2053300.000000 2035.000000 -4.930600
4732400.000000 2049700.000000 1675.000000 0.132450
4729600.000000 2052300.000000 2575.000000 -4.395400
4732600.000000 2049700.000000 1675.000000 -0.238530
4733200.000000 2052800.000000 2035.000000 -2.955100
4734500.000000 2053000.000000 2035.000000 -4.954600
4735600.000000 2048900.000000 1675.000000 -4.123000
4730400.000000 2048700.000000 1675.000000 -1.317300
4735100.000000 2052500.000000 2035.000000 -2.716900
4729600.000000 2050200.000000 2035.000000 -3.987700
4729900.000000 2052800.000000 3115.000000 -6.594000
4733400.000000 2050000.000000 1495.000000 0.009422
4735600.000000 2052800.000000 2215.000000 -3.706800
4730700.000000 2050500.000000 2035.000000 -3.688500
4735400.000000 2050000.000000 2035.000000 -3.049500
4730200.000000 2054000.000000 2935.000000 -3.942000
4734800.000000 2052000.000000 1675.000000 -1.763200
4735400.000000 2053300.000000 2215.000000 -5.813200
4733700.000000 2052800.000000 1855.000000 -2.860400
4732100.000000 2048700.000000 2215.000000 -4.215800
4732100.000000 2048200.000000 2215.000000 -4.655000
4738900.000000 2051800.000000 2035.000000 0.728940
4742200.000000 2054000.000000 2395.000000 -5.760900
