4737000.000000 2059900.000000 2935.000000 -4.896800
4735400.000000 2051500.000000 1675.000000 -0.405460
4735100.000000 2051500.000000 1675.000000 -0.884290
4741700.000000 2057400.000000 2575.000000 -6.683600
4737600.000000 2057400.000000 2215.000000 -6.913600
4732900.000000 2052500.000000 2215.000000 -3.516400
4737800.000000 2056300.000000 2755.000000 -10.204000
4742500.000000 2048900.000000 2035.000000 -3.292400
4731800.000000 2059900.000000 2395.000000 -0.754760
4742800.000000 2055600.000000 2755.000000 -4.781300
4731800.000000 2053300.000000 2755.000000 -8.348300
4730400.000000 2059700.000000 2575.000000 -0.988800
4734300.000000 2053800.000000 2215.000000 -7.744700
4735400.000000 2055800.000000 2575.000000 -13.639000
4732900.000000 2053000.000000 2215.000000 -5.430800
4734300.000000 2052000.000000 1855.000000 -2.030300
4737000.000000 2051500.000000 1855.000000 -0.084819
4738100.000000 2049500.000000 1675.000000 -0.372790
4731500.000000 2048400.000000 1855.000000 -2.268600
4735400.000000 2048700.000000 1675.000000 -4.689900
4740600.000000 2053500.000000 2755.000000 -6.276700
4733200.000000 2052800.000000 2035.000000 -2.955100
4740300.000000 2050700.000000 1855.000000 3.142500
4742500.000000 2057100.000000 2395.000000 -5.607000
4730200.000000 2059700.000000 2575.000000 -0.469560
4734000.000000 2058400.000000 2215.000000 -1.827600
4736200.000000 2051500.000000 1855.000000 -0.288840
4734800.000000 2056600.000000 2215.000000 -5.802200
4736500.000000 2054300.000000 2395.000000 -11.664000
4732100.000000 2050200.000000 1675.000000 0.130840
4737000.000000 2054800.000000 2395.000000 -11.149000
4730200.000000 2059100.000000 2215.000000 -0.692360
4735600.000000 2055300.000000 2395.000000 -14.427000
4740300.000000 2056100.000000 3295.000000 -9.355600
4734300.000000 2056100.000000 2035.000000 -6.429600
4735400.000000 2054000.000000 2575.000000 -13.880000
4739200.000000 2053500.000000 2575.000000 -6.473900
4736700.000000 2052000.000000 1855.000000 -0.768110
4740000.000000 2058600.000000 2755.000000 -8.232700
4736200.000000 2050000.000000 1855.000000 -1.733400
4741700.000000 2054000.000000 2755.000000 -6.405400
4736200.000000 2053800.000000 2575.000000 -12.004000
4739700.000000 2057100.000000 2935.000000 -8.651400
4736200.000000 2052000.000000 2035.000000 -0.969190
4733400.000000 2053500.000000 1855.000000 -5.106100
4738100.000000 2050000.000000 1675.000000 0.435970
4736500.000000 2050700.000000 1675.000000 0.469080
4729900.000000 2056600.000000 3115.000000 -3.245800
4739500.000000 2049200.000000 2035.000000 -3.436400
4742200.000000 2060400.000000 2395.000000 -4.427800
4731500.000000 2053000.000000 2935.000000 -7.571700
4738900.000000 2049200.000000 2035.000000 -3.876000
4733200.000000 2049700.000000 1675.000000 -0.855460
4729600.000000 2058900.000000 2215.000000 -0.474940
4729600.000000 2049500.000000 1855.000000 -3.681200
4730400.000000 2052500.000000 2935.000000 -6.812700
4734800.000000 2057100.000000 2395.000000 -4.912900
4736200.000000 2058900.000000 2755.000000 -3.454000
4740000.000000 2048400.000000 2215.000000 -5.368100
4737000.000000 2060400.000000 3115.000000 -4.842300
4742200.000000 2050200.000000 2215.000000 -1.606800
4737300.000000 2051800.000000 2035.000000 -0.496120
4730700.000000 2060200.000000 2755.000000 -0.346150
4741100.000000 2054800.000000 2935.000000 -8.128500
4730200.000000 2055100.000000 3115.000000 -5.169000
4735600.000000 2057400.000000 2395.000000 -4.796900
4737300.000000 2053500.000000 2575.000000 -7.837600
4730200.000000 2057600.000000 2935.000000 -1.527700
4732400.000000 2053500.000000 2395.000000 -7.056100
4731500.000000 2056300.000000 2755.000000 -5.488000
4732100.000000 2052500.000000 2575.000000 -5.477800
4741900.000000 2059700.000000 2755.000000 -5.992400
4741700.000000 2053300.000000 2575.000000 -4.523800
4735100.000000 2056600.000000 2215.000000 -5.956100
4736200.000000 2057600.000000 2395.000000 -3.521900
4735400.000000 2053800.000000 2575.000000 -11.365000
4736500.000000 2058400.000000 2575.000000 -3.228600
4741700.000000 2049500.000000 2395.000000 -3.826400
4737300.000000 2058100.000000 2395.000000 -6.128400
4729300.000000 2058900.000000 2215.000000 -0.429510
4739500.000000 2055100.000000 3295.000000 -9.314700
4731800.000000 2047900.000000 2035.000000 -2.800200
4740300.000000 2059400.000000 2755.000000 -7.326100
4729300.000000 2059100.000000 2215.000000 -0.271130
4736200.000000 2056300.000000 2215.000000 -8.082900
4740000.000000 2052300.000000 2035.000000 1.173000
4740600.000000 2058100.000000 3115.000000 -9.167600
4730700.000000 2048900.000000 1675.000000 -0.800550
