4734300.000000 2056900.000000 2215.000000 -5.537400
4739700.000000 2055800.000000 3115.000000 -9.161300
4737600.000000 2049700.000000 1495.000000 0.784380
4729900.000000 2050200.000000 2035.000000 -4.274700
4737800.000000 2059900.000000 2755.000000 -6.224100
4731000.000000 2054300.000000 2935.000000 -6.957600
4731500.000000 2058600.000000 2215.000000 -0.642700
4740800.000000 2048400.000000 2395.000000 -4.979600
4736500.000000 2054300.000000 2395.000000 -11.664000
4741100.000000 2056600.000000 3115.000000 -8.564000
4734300.000000 2052300.000000 1675.000000 -1.413400
4741400.000000 2053800.000000 2575.000000 -5.321000
4732400.000000 2049700.000000 1675.000000 0.132450
4740600.000000 2051000.000000 1855.000000 5.832800
4740800.000000 2059900.000000 2575.000000 -6.750300
4735100.000000 2058400.000000 2755.000000 -3.309900
4738900.000000 2052800.000000 2395.000000 -3.352500
4729900.000000 2057100.000000 3115.000000 -3.152100
4734800.000000 2048400.000000 1675.000000 -3.978400
4739200.000000 2057400.000000 2755.000000 -9.798200
4731500.000000 2052000.000000 2575.000000 -4.564700
4732600.000000 2056100.000000 2215.000000 -5.723200
4735100.000000 2050200.000000 2035.000000 -2.168800
4733200.000000 2059900.000000 2035.000000 -0.578600
4742200.000000 2049700.000000 2035.000000 -2.312000
4735900.000000 2056900.000000 2215.000000 -4.837500
4737800.000000 2051200.000000 2035.000000 -0.177950
4733700.000000 2055100.000000 2035.000000 -8.430800
4736700.000000 2052500.000000 2035.000000 -1.412500
4729900.000000 2052800.000000 3115.000000 -6.594000
4731300.000000 2048400.000000 1855.000000 -2.248000
4738400.000000 2055800.000000 2755.000000 -10.894000
4736500.000000 2059700.000000 2935.000000 -3.680600
4737800.000000 2057100.000000 2395.000000 -8.504600
4729900.000000 2059900.000000 2575.000000 -0.641890
4731500.000000 2055600.000000 2755.000000 -6.959200
4739500.000000 2048400.000000 2215.000000 -4.863400
4740800.000000 2055100.000000 2935.000000 -7.796000
4732900.000000 2051200.000000 2035.000000 -1.141000
4736200.000000 2048400.000000 1855.000000 -5.283800
4731300.000000 2057100.000000 2755.000000 -3.479300
4742500.000000 2053500.000000 2215.000000 -3.329900
4740800.000000 2052300.000000 2035.000000 2.148200
4734000.000000 2053800.000000 2035.000000 -6.774400
4742200.000000 2058900.000000 2575.000000 -5.825900
4739200.000000 2050000.000000 1675.000000 1.226200
4740300.000000 2058600.000000 2935.000000 -8.322300
4733700.000000 2049700.000000 1675.000000 -0.426890
4729900.000000 2055800.000000 3295.000000 -4.874300
4729900.000000 2051500.000000 2395.000000 -5.240400
4732600.000000 2057400.000000 2215.000000 -2.750300
4739200.000000 2059700.000000 2755.000000 -6.966900
4735400.000000 2053500.000000 2575.000000 -8.667000
4735100.000000 2055300.000000 2395.000000 -14.236000
4739200.000000 2051500.000000 1855.000000 1.531900
4734800.000000 2059700.000000 2575.000000 -1.057300
4729900.000000 2058400.000000 2575.000000 -0.396620
4736200.000000 2049700.000000 1855.000000 -2.996600
4738100.000000 2048400.000000 1675.000000 -2.538900
4737800.000000 2054600.000000 2755.000000 -10.036000
4742200.000000 2051000.000000 2215.000000 -0.051489
4742200.000000 2048400.000000 1855.000000 -2.693300
4729600.000000 2054300.000000 3295.000000 -5.609500
4740800.000000 2049700.000000 2035.000000 -1.421200
4737600.000000 2053000.000000 2215.000000 -2.936300
4740300.000000 2053500.000000 2755.000000 -6.004100
4734300.000000 2051000.000000 2215.000000 -2.811600
4731300.000000 2053000.000000 3115.000000 -8.290900
4732900.000000 2048400.000000 2215.000000 -5.315300
4732900.000000 2052500.000000 2215.000000 -3.516400
4738100.000000 2058600.000000 2395.000000 -7.062700
4729900.000000 2048400.000000 2035.000000 -3.571900
4731800.000000 2059900.000000 2395.000000 -0.754760
4740600.000000 2057400.000000 3115.000000 -9.261400
4742200.000000 2056100.000000 2935.000000 -7.352100
4742200.000000 2057600.000000 2575.000000 -6.765000
4731000.000000 2049700.000000 1675.000000 -0.419070
4735400.000000 2052300.000000 2035.000000 -1.978200
4732400.000000 2054000.000000 2215.000000 -6.303800
4736500.000000 2058100.000000 2395.000000 -3.313900
4736500.000000 2051000.000000 1675.000000 0.455800
4739200.000000 2054300.000000 2935.000000 -8.449600
4733200.000000 2058600.000000 2035.000000 -1.358400
4742200.000000 2059900.000000 2575.000000 -5.648500
4736700.000000 2055800.000000 2215.000000 -8.722000
4731300.000000 2050700.000000 2215.000000 -2.768300
4742200.000000 2054800.000000 2575.000000 -6.784600
4742200.000000 2052300.000000 2035.000000 0.549160
