4729300.000000 2048700.000000 1855.000000 -2.287900
4729300.000000 2050000.000000 1855.000000 -2.583300
4729300.000000 2051200.000000 2215.000000 -3.618600
4729300.000000 2052500.000000 2755.000000 -4.006200
4729300.000000 2053800.000000 3295.000000 -4.763600
4729300.000000 2055100.000000 3295.000000 -3.731600
4729300.000000 2056300.000000 3115.000000 -1.402700
4729300.000000 2057600.000000 2755.000000 -0.536920
4729300.000000 2058900.000000 2215.000000 -0.429510
4729300.000000 2060200.000000 2575.000000 -0.395720
4729600.000000 2048700.000000 1855.000000 -2.911100
4729600.000000 2050000.000000 1855.000000 -3.147100
4729600.000000 2051200.000000 2215.000000 -4.529900
4729600.000000 2052500.000000 2755.000000 -5.096600
4729600.000000 2053800.000000 3295.000000 -6.840600
4729600.000000 2055100.000000 3295.000000 -5.302100
4729600.000000 2056300.000000 3115.000000 -3.253200
4729600.000000 2057600.000000 2755.000000 -0.895140
4729600.000000 2058900.000000 2215.000000 -0.474940
4729600.000000 2060200.000000 2575.000000 -0.724220
4729900.000000 2048700.000000 2035.000000 -4.158900
4729900.000000 2050000.000000 2035.000000 -4.495400
4729900.000000 2051200.000000 2215.000000 -4.753500
4729900.000000 2052500.000000 2935.000000 -6.151900
4729900.000000 2053800.000000 3115.000000 -5.816100
4729900.000000 2055100.000000 3115.000000 -3.504400
4729900.000000 2056300.000000 3295.000000 -5.053300
4729900.000000 2057600.000000 2935.000000 -0.866680
4729900.000000 2058900.000000 2395.000000 -0.987610
4729900.000000 2060200.000000 2575.000000 -0.695840
4730200.000000 2048700.000000 1855.000000 -3.573900
4730200.000000 2050000.000000 1855.000000 -2.854400
4730200.000000 2051200.000000 2395.000000 -6.276300
4730200.000000 2052500.000000 2935.000000 -6.207100
4730200.000000 2053800.000000 2935.000000 -4.805000
4730200.000000 2055100.000000 3115.000000 -5.169000
4730200.000000 2056300.000000 3295.000000 -5.620300
4730200.000000 2057600.000000 2935.000000 -1.527700
4730200.000000 2058900.000000 2395.000000 -0.405550
4730200.000000 2060200.000000 2755.000000 -0.429730
4730400.000000 2048700.000000 1675.000000 -1.317300
4730400.000000 2050000.000000 1855.000000 -2.655100
4730400.000000 2051200.000000 2395.000000 -5.290700
4730400.000000 2052500.000000 2935.000000 -6.812700
4730400.000000 2053800.000000 2935.000000 -6.352300
4730400.000000 2055100.000000 3115.000000 -5.736800
4730400.000000 2056300.000000 3295.000000 -5.702400
4730400.000000 2057600.000000 3115.000000 -3.255800
4730400.000000 2058900.000000 2215.000000 -0.421130
4730400.000000 2060200.000000 2755.000000 -0.402940
4730700.000000 2048700.000000 1675.000000 -1.085900
4730700.000000 2050000.000000 1855.000000 -2.799600
4730700.000000 2051200.000000 2395.000000 -4.706500
4730700.000000 2052500.000000 2935.000000 -6.392900
4730700.000000 2053800.000000 2755.000000 -4.255900
4730700.000000 2055100.000000 2935.000000 -5.896900
4730700.000000 2056300.000000 3295.000000 -6.208600
4730700.000000 2057600.000000 2935.000000 -2.817500
4730700.000000 2058900.000000 2215.000000 -0.439250
4730700.000000 2060200.000000 2755.000000 -0.346150
4731000.000000 2048700.000000 1675.000000 -0.972040
4731000.000000 2050000.000000 1675.000000 -0.315580
4731000.000000 2051200.000000 2215.000000 -2.423300
4731000.000000 2052500.000000 2935.000000 -6.991300
4731000.000000 2053800.000000 2755.000000 -6.070200
4731000.000000 2055100.000000 2935.000000 -6.573000
4731000.000000 2056300.000000 3115.000000 -6.090700
4731000.000000 2057600.000000 2755.000000 -1.298600
4731000.000000 2058900.000000 2215.000000 -0.196130
4731000.000000 2060200.000000 2575.000000 -1.408800
4731300.000000 2048700.000000 1855.000000 -2.512100
4731300.000000 2050000.000000 1855.000000 -1.334100
4731300.000000 2051200.000000 2395.000000 -3.218500
4731300.000000 2052500.000000 2935.000000 -7.374400
4731300.000000 2053800.000000 2575.000000 -4.963000
4731300.000000 2055100.000000 2935.000000 -7.773800
4731300.000000 2056300.000000 2935.000000 -6.202700
4731300.000000 2057600.000000 2575.000000 -0.924260
4731300.000000 2058900.000000 2215.000000 -0.481130
4731300.000000 2060200.000000 2395.000000 -0.586130
4731500.000000 2048700.000000 1855.000000 -2.197000
4731500.000000 2050000.000000 1675.000000 0.649520
4731500.000000 2051200.000000 2215.000000 -1.043500
4731500.000000 2052500.000000 2755.000000 -6.511000
4731500.000000 2053800.000000 2575.000000 -6.097000
4731500.000000 2055100.000000 2755.000000 -7.379600
4731500.000000 2056300.000000 2755.000000 -5.488000
4731500.000000 2057600.000000 2575.000000 -1.883300
