4621034.000000 1811282.000000 3641.000000 1.667403
4618148.000000 1817916.000000 3046.000000 -0.609418
4612915.000000 1806929.000000 2706.000000 -24.087490
4618328.000000 1809209.000000 3131.000000 -8.179091
4617967.000000 1804856.000000 2791.000000 -23.044030
4621215.000000 1808794.000000 3471.000000 -6.741344
4610750.000000 1816257.000000 2196.000000 -13.484820
4619230.000000 1800917.000000 2876.000000 -18.290700
4621215.000000 1813562.000000 3726.000000 -5.357606
4610570.000000 1808587.000000 2621.000000 -21.021900
4614720.000000 1810867.000000 2706.000000 -9.182737
4623200.000000 1818537.000000 3216.000000 -24.958940
4619230.000000 1815428.000000 3386.000000 -11.464050
4619952.000000 1811489.000000 3471.000000 -4.811289
4616885.000000 1821025.000000 2621.000000 -54.923320
4620674.000000 1807343.000000 3301.000000 -26.865110
4610750.000000 1817501.000000 2281.000000 -18.135340
4627710.000000 1806721.000000 3131.000000 -16.877420
4622478.000000 1811075.000000 3556.000000 -1.436014
4624463.000000 1812526.000000 3981.000000 -0.743863
4627530.000000 1820403.000000 3046.000000 -24.399020
4613818.000000 1810660.000000 2791.000000 -22.319890
4618148.000000 1808794.000000 3046.000000 -4.794821
4626808.000000 1818123.000000 3131.000000 -22.633290
4618689.000000 1810245.000000 3301.000000 -6.610624
4627710.000000 1804648.000000 2876.000000 -8.625863
4613276.000000 1813562.000000 2621.000000 -30.059750
4624643.000000 1809416.000000 3641.000000 -31.881170
4621576.000000 1819159.000000 3216.000000 -31.596160
4625726.000000 1810245.000000 3811.000000 -3.684726
4610389.000000 1804856.000000 2706.000000 -21.449630
4614539.000000 1816672.000000 2706.000000 -32.370790
4618148.000000 1805685.000000 2791.000000 -24.830490
4618689.000000 1810660.000000 3301.000000 -5.590502
4624823.000000 1806307.000000 3216.000000 -25.585220
4615802.000000 1808173.000000 2791.000000 -25.843470
4619772.000000 1818952.000000 3131.000000 -6.551226
4610209.000000 1811075.000000 2536.000000 -17.078980
4616885.000000 1815635.000000 3131.000000 -26.923740
4621756.000000 1806721.000000 3131.000000 -8.810104
4619772.000000 1810245.000000 3301.000000 -12.987970
4609848.000000 1807758.000000 2621.000000 -18.086270
4624823.000000 1813355.000000 3726.000000 -21.135840
4612555.000000 1803197.000000 2621.000000 -20.471990
4626628.000000 1804027.000000 2876.000000 -15.247150
4609848.000000 1808587.000000 2621.000000 -18.718100
4618509.000000 1804441.000000 2791.000000 -21.110910
4615983.000000 1813977.000000 2961.000000 -16.321150
4612915.000000 1812940.000000 2536.000000 -10.959040
4613998.000000 1801332.000000 2621.000000 -20.038490
4616524.000000 1805270.000000 2706.000000 -18.136110
4624643.000000 1817916.000000 3216.000000 -18.897310
4618689.000000 1819781.000000 2876.000000 -5.960589
4624463.000000 1806100.000000 3131.000000 -2.447943
4615261.000000 1807136.000000 2791.000000 -26.131480
4624102.000000 1808380.000000 3301.000000 -5.599358
4615261.000000 1808587.000000 2791.000000 -24.299670
4627169.000000 1811904.000000 3726.000000 -1.708848
4614359.000000 1809831.000000 2791.000000 -25.301890
4614359.000000 1819574.000000 2366.000000 -29.671990
4611833.000000 1818745.000000 2026.000000 -8.025825
4624102.000000 1814184.000000 3811.000000 0.737412
4620674.000000 1816464.000000 3471.000000 -17.946670
4610029.000000 1801954.000000 2621.000000 -19.719690
4612194.000000 1803612.000000 2621.000000 -19.397760
4624463.000000 1818537.000000 3216.000000 -27.623230
4614720.000000 1811489.000000 2706.000000 -19.668650
4627349.000000 1811489.000000 3726.000000 2.368162
4621034.000000 1806929.000000 3046.000000 -1.806406
4614900.000000 1816257.000000 2706.000000 -16.025570
4619411.000000 1805270.000000 2961.000000 -28.887740
4611111.000000 1821025.000000 1941.000000 -21.229020
4616163.000000 1815013.000000 2961.000000 -17.018540
4614900.000000 1819989.000000 2281.000000 6.840665
4615080.000000 1806100.000000 2706.000000 -24.259860
4624463.000000 1816672.000000 3471.000000 -26.104120
4611472.000000 1815221.000000 2281.000000 -20.375440
4621756.000000 1818537.000000 3301.000000 -25.994530
4625184.000000 1816050.000000 3386.000000 -9.356908
4613457.000000 1804648.000000 2621.000000 -22.206330
4626086.000000 1811697.000000 3811.000000 -1.769773
4611472.000000 1811282.000000 2621.000000 -19.858980
4619411.000000 1812733.000000 3726.000000 5.227535
4616704.000000 1812318.000000 3131.000000 -3.618895
4620313.000000 1813148.000000 3726.000000 -0.547487
4615441.000000 1809831.000000 2876.000000 -26.545950
4615802.000000 1801539.000000 2621.000000 -21.877330
4615261.000000 1801746.000000 2621.000000 -23.517690
4626086.000000 1800710.000000 2876.000000 9.221628
4623741.000000 1815013.000000 3811.000000 -1.243147
4623200.000000 1808380.000000 3301.000000 -8.061610
4624102.000000 1809209.000000 3556.000000 -22.409780
4626447.000000 1808380.000000 3641.000000 -17.526570
4611652.000000 1812111.000000 2536.000000 -11.161480
