4609848.000000 1800502.000000 2621.000000 -21.859680
4609848.000000 1802990.000000 2621.000000 -18.741340
4609848.000000 1805685.000000 2706.000000 -19.660170
4609848.000000 1808173.000000 2621.000000 -20.809440
4609848.000000 1810660.000000 2536.000000 -26.509680
4609848.000000 1813355.000000 2281.000000 -1.637700
4609848.000000 1815843.000000 2536.000000 -17.608240
4609848.000000 1818537.000000 2026.000000 -6.282097
4609848.000000 1821025.000000 2366.000000 -12.587000
4612013.000000 1800502.000000 2621.000000 -14.740570
4612013.000000 1802990.000000 2621.000000 -22.165910
4612013.000000 1805685.000000 2706.000000 -24.365930
4612013.000000 1808173.000000 2621.000000 -11.740610
4612013.000000 1810660.000000 2621.000000 -18.550730
4612013.000000 1813355.000000 2451.000000 -22.793730
4612013.000000 1815843.000000 2281.000000 -20.743470
4612013.000000 1818537.000000 2026.000000 -2.006725
4612013.000000 1821025.000000 1941.000000 -23.762500
4614359.000000 1800502.000000 2621.000000 -8.002879
4614359.000000 1802990.000000 2621.000000 -20.329360
4614359.000000 1805685.000000 2706.000000 -24.554660
4614359.000000 1808173.000000 2706.000000 -23.729490
4614359.000000 1810660.000000 2791.000000 -32.525710
4614359.000000 1813355.000000 2791.000000 -30.644990
4614359.000000 1815843.000000 2706.000000 -30.813080
4614359.000000 1818537.000000 2536.000000 -43.434770
4614359.000000 1821025.000000 2026.000000 -17.386260
4616524.000000 1800502.000000 2706.000000 -10.191860
4616524.000000 1802990.000000 2706.000000 -21.059400
4616524.000000 1805685.000000 2706.000000 -16.929780
4616524.000000 1808173.000000 2876.000000 -27.715590
4616524.000000 1810660.000000 2876.000000 -2.681988
4616524.000000 1813355.000000 3131.000000 -13.298150
4616524.000000 1815843.000000 2961.000000 -16.160670
4616524.000000 1818537.000000 2706.000000 -24.258430
4616524.000000 1821025.000000 2451.000000 -40.990300
4618689.000000 1800502.000000 2876.000000 15.420430
4618689.000000 1802990.000000 2876.000000 -21.509630
4618689.000000 1805685.000000 2876.000000 -24.025370
4618689.000000 1808173.000000 3046.000000 -7.290081
4618689.000000 1810660.000000 3301.000000 -5.590502
4618689.000000 1813355.000000 3471.000000 -2.643071
4618689.000000 1815843.000000 3301.000000 -21.067980
4618689.000000 1818537.000000 3046.000000 -7.739296
4618689.000000 1821025.000000 2706.000000 -58.647070
4621034.000000 1800502.000000 2961.000000 15.491920
4621034.000000 1802990.000000 2961.000000 -25.865350
4621034.000000 1805685.000000 3046.000000 -30.769020
4621034.000000 1808173.000000 3386.000000 -7.978159
4621034.000000 1810660.000000 3386.000000 0.484878
4621034.000000 1813355.000000 3641.000000 -5.416969
4621034.000000 1815843.000000 3556.000000 -3.740797
4621034.000000 1818537.000000 3131.000000 -15.444990
4621034.000000 1821025.000000 2876.000000 -52.983170
4623200.000000 1800502.000000 2791.000000 -18.132830
4623200.000000 1802990.000000 2961.000000 -32.463250
4623200.000000 1805685.000000 3131.000000 -27.699540
4623200.000000 1808173.000000 3301.000000 -9.054371
4623200.000000 1810660.000000 3641.000000 -15.665460
4623200.000000 1813355.000000 3981.000000 -22.932650
4623200.000000 1815843.000000 3726.000000 -0.666619
4623200.000000 1818537.000000 3216.000000 -24.958940
4623200.000000 1821025.000000 2876.000000 -43.187020
4625545.000000 1800502.000000 2876.000000 -12.532260
4625545.000000 1802990.000000 2961.000000 -28.610280
4625545.000000 1805685.000000 3216.000000 -23.268110
4625545.000000 1808173.000000 3471.000000 -24.002500
4625545.000000 1810660.000000 3981.000000 -1.264380
4625545.000000 1813355.000000 3726.000000 -24.210060
4625545.000000 1815843.000000 3386.000000 -21.812360
4625545.000000 1818537.000000 3216.000000 -20.213740
4625545.000000 1821025.000000 3046.000000 -65.142930
4627710.000000 1800502.000000 2791.000000 11.016740
4627710.000000 1802990.000000 2791.000000 -11.853320
4627710.000000 1805685.000000 2961.000000 -18.179240
4627710.000000 1808173.000000 3471.000000 -17.014780
4627710.000000 1810660.000000 3811.000000 -1.219295
4627710.000000 1813355.000000 3471.000000 -14.927060
4627710.000000 1815843.000000 3301.000000 -21.301140
4627710.000000 1818537.000000 3046.000000 -18.714830
4627710.000000 1821025.000000 3046.000000 -46.663980
