4616704.000000 1809416.000000 3046.000000 -27.182670
4623741.000000 1816464.000000 3556.000000 -10.848480
4621215.000000 1803197.000000 2961.000000 -23.422430
4614539.000000 1818745.000000 2536.000000 -29.372860
4615080.000000 1805478.000000 2706.000000 -20.975960
4626628.000000 1809209.000000 3896.000000 -1.302152
4613457.000000 1810867.000000 2706.000000 -15.154890
4619050.000000 1814391.000000 3556.000000 -35.868820
4612915.000000 1804234.000000 2621.000000 -18.886890
4626989.000000 1803197.000000 2876.000000 -20.268190
4610931.000000 1819989.000000 2026.000000 -15.549080
4620854.000000 1807343.000000 3131.000000 -9.613607
4624823.000000 1820196.000000 2961.000000 -17.899330
4623019.000000 1813562.000000 4066.000000 -22.293300
4619952.000000 1818330.000000 3216.000000 -1.630291
4610750.000000 1807136.000000 2706.000000 -23.897040
4623380.000000 1805478.000000 3131.000000 -24.308310
4614720.000000 1814391.000000 2791.000000 -24.039740
4618869.000000 1802990.000000 2876.000000 -28.288270
4626808.000000 1813355.000000 3556.000000 -13.687300
4612555.000000 1817916.000000 2281.000000 -8.807114
4612915.000000 1806514.000000 2706.000000 -23.389770
4610931.000000 1801332.000000 2621.000000 -21.019830
4622658.000000 1811489.000000 3641.000000 -4.094389
4626989.000000 1817086.000000 3131.000000 -14.144860
4618869.000000 1806514.000000 2876.000000 -23.586950
4614539.000000 1803197.000000 2621.000000 -21.294170
4623200.000000 1803405.000000 2876.000000 -18.905040
4610750.000000 1815843.000000 2196.000000 -21.104590
4620493.000000 1811075.000000 3641.000000 1.577445
4626808.000000 1807136.000000 3386.000000 -30.249350
4624282.000000 1801332.000000 2961.000000 -24.693910
4618148.000000 1818330.000000 2961.000000 -32.070410
4620313.000000 1809209.000000 3216.000000 -8.397918
4610750.000000 1809209.000000 2536.000000 -15.869270
4622478.000000 1815428.000000 3896.000000 -4.724666
4614178.000000 1816672.000000 2621.000000 -25.261510
4620493.000000 1820196.000000 2961.000000 -27.455170
4615983.000000 1820196.000000 2536.000000 -26.208270
4618148.000000 1816050.000000 3216.000000 -4.099135
4626808.000000 1815221.000000 3386.000000 -7.941184
4616163.000000 1816050.000000 2961.000000 -24.837610
4626808.000000 1811282.000000 3726.000000 1.329646
4612735.000000 1808794.000000 2706.000000 -25.599420
4612915.000000 1813148.000000 2536.000000 -16.990370
4615622.000000 1801332.000000 2621.000000 -17.975980
4624102.000000 1818330.000000 3216.000000 -24.852940
4625184.000000 1804648.000000 3046.000000 -19.582700
4618689.000000 1812526.000000 3471.000000 -1.732876
4610750.000000 1813562.000000 2451.000000 -18.563320
4620313.000000 1801332.000000 2961.000000 -3.250328
4622297.000000 1809416.000000 3471.000000 -13.031320
4614900.000000 1812318.000000 2791.000000 -21.241080
4624823.000000 1812526.000000 3896.000000 0.124272
4619411.000000 1804648.000000 2876.000000 -23.492170
4616704.000000 1807343.000000 2876.000000 -24.883850
4610750.000000 1805063.000000 2706.000000 -24.934180
4618509.000000 1810453.000000 3301.000000 -5.715840
4621395.000000 1805478.000000 2961.000000 -3.173272
4613276.000000 1820196.000000 2111.000000 -11.280260
4621034.000000 1812940.000000 3726.000000 -7.409307
4618509.000000 1808380.000000 3046.000000 -1.937893
4626808.000000 1820196.000000 3046.000000 -27.313820
4621937.000000 1817294.000000 3386.000000 -19.889660
4612735.000000 1815428.000000 2366.000000 -14.939960
4622839.000000 1807551.000000 3216.000000 -8.181478
4625365.000000 1816879.000000 3301.000000 -20.315650
4618148.000000 1820196.000000 2706.000000 -25.708840
4616343.000000 1818123.000000 2791.000000 -4.877252
4620854.000000 1814599.000000 3556.000000 0.705405
4617246.000000 1805270.000000 2791.000000 -26.382880
4617967.000000 1801332.000000 2791.000000 -21.882440
4612013.000000 1811282.000000 2621.000000 -23.967370
4610931.000000 1802990.000000 2621.000000 -19.121840
4616704.000000 1811697.000000 3046.000000 -6.312276
4624823.000000 1814599.000000 3641.000000 -18.070110
4616704.000000 1803405.000000 2706.000000 -22.792360
4622839.000000 1820403.000000 3046.000000 -30.443950
4626628.000000 1801332.000000 2791.000000 -23.369200
4626808.000000 1805270.000000 3131.000000 -24.825170
4610389.000000 1811489.000000 2536.000000 -18.875600
4622297.000000 1801332.000000 2791.000000 -19.077970
4614720.000000 1807758.000000 2791.000000 -25.651380
4610570.000000 1817916.000000 2196.000000 9.133058
4614900.000000 1809831.000000 2876.000000 -25.255060
4625004.000000 1806721.000000 3216.000000 -23.884850
4616885.000000 1813977.000000 3216.000000 -15.590220
4613096.000000 1801539.000000 2621.000000 -21.745480
4625184.000000 1802783.000000 2876.000000 -24.635330
4624463.000000 1808794.000000 3556.000000 -33.737930
4626447.000000 1818745.000000 3131.000000 -24.205750
4620132.000000 1816464.000000 3471.000000 -24.187740
4621937.000000 1818952.000000 3216.000000 -14.804280
4624643.000000 1810660.000000 3896.000000 -4.715474
