4620000.000000 1820000.000000 2880.000000 0.116670
4617800.000000 1806300.000000 2710.000000 1.120000
4617400.000000 1806300.000000 2710.000000 -0.006187
4626100.000000 1815800.000000 3220.000000 1.797200
4620700.000000 1815800.000000 3560.000000 5.232600
4614500.000000 1808000.000000 2710.000000 0.342770
4621000.000000 1814200.000000 3390.000000 0.106410
4627200.000000 1802200.000000 2710.000000 -0.198230
4613100.000000 1820000.000000 2030.000000 0.282570
4627500.000000 1812900.000000 3560.000000 0.728280
4613100.000000 1809200.000000 2710.000000 -2.303700
4611300.000000 1819600.000000 2030.000000 -0.440320
4616300.000000 1810000.000000 3050.000000 6.376200
4617800.000000 1813400.000000 3220.000000 7.387600
4614500.000000 1808800.000000 2710.000000 0.451390
4616300.000000 1807100.000000 2710.000000 -0.210000
4620000.000000 1806300.000000 3050.000000 1.837200
4621400.000000 1803000.000000 2880.000000 -0.280150
4612700.000000 1801300.000000 2540.000000 -1.458400
4617800.000000 1801700.000000 2710.000000 -2.028600
4624600.000000 1809600.000000 3560.000000 1.341400
4614900.000000 1808400.000000 2710.000000 0.943510
4624300.000000 1805100.000000 3050.000000 0.571940
4627200.000000 1815400.000000 3220.000000 0.607280
4610900.000000 1819600.000000 1860.000000 0.377810
4616000.000000 1817500.000000 2710.000000 -0.537920
4618900.000000 1806300.000000 2880.000000 1.517400
4617100.000000 1814600.000000 3220.000000 3.068300
4619200.000000 1810900.000000 3220.000000 14.479000
4613500.000000 1804200.000000 2540.000000 -1.136500
4620000.000000 1811700.000000 3390.000000 -13.355000
4610900.000000 1818700.000000 2200.000000 -0.317640
4618100.000000 1812500.000000 3390.000000 12.193000
4624300.000000 1813800.000000 3730.000000 5.443100
4616300.000000 1813800.000000 3050.000000 2.383800
4617800.000000 1810500.000000 3050.000000 15.670000
4622800.000000 1809600.000000 3390.000000 5.063900
4619600.000000 1807100.000000 2880.000000 3.267800
4623900.000000 1817900.000000 3220.000000 0.947730
4618900.000000 1803800.000000 2710.000000 -0.205040
4626100.000000 1810500.000000 3730.000000 0.334850
4618900.000000 1810000.000000 3220.000000 16.772000
4623600.000000 1815400.000000 3730.000000 9.549500
4618900.000000 1807100.000000 3050.000000 3.638600
4615300.000000 1809600.000000 2710.000000 1.793000
4621400.000000 1803800.000000 2880.000000 0.914590
4619200.000000 1805100.000000 2880.000000 0.344130
4610600.000000 1814600.000000 2200.000000 0.188720
4623200.000000 1802600.000000 2880.000000 -0.041990
4626800.000000 1820800.000000 2880.000000 -0.336020
4612700.000000 1808800.000000 2540.000000 -0.190330
4622500.000000 1802600.000000 2710.000000 0.201830
4614900.000000 1803400.000000 2540.000000 -2.136300
4610200.000000 1818300.000000 2030.000000 -0.027826
4610200.000000 1803000.000000 2540.000000 -1.600500
4611300.000000 1808000.000000 2540.000000 -1.218800
4617100.000000 1815400.000000 3050.000000 1.898600
4618900.000000 1818300.000000 3050.000000 -0.789460
4623900.000000 1801300.000000 3050.000000 -1.576100
4620000.000000 1820800.000000 2710.000000 -0.314870
4626800.000000 1804200.000000 2880.000000 0.085453
4620300.000000 1806700.000000 3220.000000 2.378000
4611700.000000 1820400.000000 2030.000000 0.730600
4625400.000000 1811700.000000 3900.000000 -0.268470
4610900.000000 1812100.000000 2540.000000 -0.967050
4618100.000000 1815800.000000 3220.000000 0.971370
4620300.000000 1809600.000000 3220.000000 15.588000
4610900.000000 1816300.000000 2200.000000 -0.216540
4613800.000000 1809600.000000 2710.000000 -0.283120
4612700.000000 1814200.000000 2370.000000 0.975350
4613500.000000 1808000.000000 2540.000000 -0.280830
4626400.000000 1819600.000000 3050.000000 0.736140
4626100.000000 1809200.000000 3730.000000 0.162120
4617400.000000 1814600.000000 3220.000000 3.806300
4618900.000000 1816300.000000 3220.000000 3.274800
4617800.000000 1810000.000000 3050.000000 16.916000
4619200.000000 1817500.000000 3050.000000 1.852800
4626100.000000 1803000.000000 2710.000000 0.731590
4620300.000000 1817100.000000 3220.000000 2.251000
4609800.000000 1818300.000000 2030.000000 -0.011918
4623200.000000 1812100.000000 3730.000000 -5.246700
4613100.000000 1800500.000000 2540.000000 -0.966750
4624300.000000 1819200.000000 3050.000000 0.723780
4609800.000000 1818700.000000 1860.000000 0.264110
4618900.000000 1814200.000000 3560.000000 6.992200
4623900.000000 1807600.000000 3050.000000 0.894260
4624600.000000 1817100.000000 3220.000000 1.057300
4611700.000000 1802200.000000 2540.000000 -0.627640
4623600.000000 1819200.000000 3050.000000 0.730750
4623200.000000 1810500.000000 3560.000000 4.395400
4623200.000000 1805500.000000 3050.000000 0.746980
4613800.000000 1806300.000000 2710.000000 -1.122700
4611300.000000 1805500.000000 2710.000000 -2.027500
4616000.000000 1807100.000000 2710.000000 0.139170
