4616000.000000 1815400.000000 2710.000000 2.192200
4623200.000000 1802600.000000 2880.000000 -0.041990
4610200.000000 1805900.000000 2710.000000 -2.093600
4620300.000000 1817900.000000 3220.000000 0.106960
4622500.000000 1807600.000000 3220.000000 2.602100
4625700.000000 1812900.000000 3730.000000 1.395700
4612400.000000 1813800.000000 2370.000000 -0.007157
4616700.000000 1805900.000000 2710.000000 -1.216400
4626800.000000 1817900.000000 3050.000000 -0.306730
4612700.000000 1801300.000000 2540.000000 -1.458400
4612700.000000 1817900.000000 2370.000000 0.267700
4614900.000000 1809600.000000 2710.000000 2.068800
4624600.000000 1807600.000000 3390.000000 0.689570
4621800.000000 1812500.000000 3730.000000 -24.116000
4625700.000000 1803800.000000 2880.000000 -0.251820
4617800.000000 1820000.000000 2710.000000 -0.043331
4618500.000000 1802600.000000 2710.000000 -0.954870
4612000.000000 1805900.000000 2540.000000 -1.559500
4618900.000000 1811700.000000 3390.000000 11.372000
4625000.000000 1815400.000000 3560.000000 1.963000
4623200.000000 1820000.000000 3050.000000 0.281510
4610900.000000 1811700.000000 2540.000000 -1.303200
4616300.000000 1802600.000000 2540.000000 -0.840900
4619200.000000 1809200.000000 3050.000000 16.139000
4614200.000000 1806300.000000 2710.000000 -1.607100
4621000.000000 1805900.000000 3050.000000 1.810500
4611700.000000 1820400.000000 2030.000000 0.730600
4614200.000000 1820000.000000 2200.000000 0.521410
4615300.000000 1813400.000000 2880.000000 1.535600
4614200.000000 1802200.000000 2540.000000 -1.733000
4612700.000000 1810000.000000 2540.000000 0.074194
4626800.000000 1801300.000000 2710.000000 0.213030
4626800.000000 1807100.000000 3560.000000 -1.454500
4625700.000000 1810900.000000 3730.000000 1.095700
4621400.000000 1814600.000000 3560.000000 0.033336
4610600.000000 1803400.000000 2540.000000 -1.340200
4621400.000000 1810500.000000 3560.000000 2.093500
4621800.000000 1801300.000000 3050.000000 -1.799100
4616700.000000 1817900.000000 2880.000000 -1.487200
4621400.000000 1820000.000000 3050.000000 -0.767240
4610600.000000 1816700.000000 2370.000000 -0.137000
4626800.000000 1815800.000000 3220.000000 1.449200
4616000.000000 1808000.000000 2710.000000 1.043300
4620000.000000 1815800.000000 3560.000000 4.826100
4625000.000000 1820000.000000 2880.000000 -0.347990
4622100.000000 1803800.000000 2880.000000 0.211660
4617800.000000 1813400.000000 3220.000000 7.387600
4614500.000000 1817100.000000 2540.000000 -0.187980
4613800.000000 1815000.000000 2540.000000 1.098200
4610900.000000 1807600.000000 2540.000000 -2.081100
4613500.000000 1811700.000000 2540.000000 1.759500
4619200.000000 1805900.000000 2880.000000 1.605000
4615600.000000 1804600.000000 2540.000000 -0.879030
4612400.000000 1803400.000000 2540.000000 -1.286900
4622800.000000 1809200.000000 3220.000000 3.740800
4616000.000000 1820000.000000 2370.000000 0.564850
4625400.000000 1805900.000000 3220.000000 1.276300
4610600.000000 1801300.000000 2540.000000 -0.777700
4610600.000000 1818700.000000 2030.000000 0.547450
4612400.000000 1815800.000000 2200.000000 -0.194720
4627200.000000 1804200.000000 2880.000000 -0.097116
4626800.000000 1814200.000000 3390.000000 -0.038524
4625700.000000 1817100.000000 3220.000000 0.502420
4616300.000000 1811300.000000 2880.000000 6.216400
4622500.000000 1816700.000000 3390.000000 4.095600
4615300.000000 1800900.000000 2540.000000 -0.799400
4623900.000000 1803800.000000 2880.000000 0.619270
4623900.000000 1800900.000000 2880.000000 -1.568100
4617800.000000 1804200.000000 2710.000000 -0.800770
4620700.000000 1808000.000000 3220.000000 4.595800
4623900.000000 1813400.000000 3900.000000 5.063300
4617800.000000 1800900.000000 2710.000000 -0.978780
4623600.000000 1805900.000000 3220.000000 0.499170
4622100.000000 1818700.000000 3220.000000 0.323480
4610600.000000 1814200.000000 2200.000000 -0.232040
4623200.000000 1815000.000000 3900.000000 3.820600
4619600.000000 1813400.000000 3560.000000 4.652200
4617800.000000 1815800.000000 3220.000000 1.282100
4614200.000000 1804200.000000 2540.000000 -2.073700
4626800.000000 1820000.000000 2880.000000 -0.014017
4610600.000000 1809600.000000 2370.000000 0.928660
4618100.000000 1807600.000000 3050.000000 5.722700
4625000.000000 1809200.000000 3560.000000 2.161400
4613100.000000 1808000.000000 2710.000000 -0.949410
4626800.000000 1809200.000000 3730.000000 -0.946970
4624300.000000 1817900.000000 3220.000000 1.152500
4617400.000000 1809600.000000 2880.000000 13.455000
4620000.000000 1801300.000000 2880.000000 -1.301100
4618500.000000 1817900.000000 3220.000000 -1.211600
4623900.000000 1811300.000000 3730.000000 2.637500
4627200.000000 1812100.000000 3560.000000 1.892200
4620300.000000 1803800.000000 2880.000000 -0.582860
4625400.000000 1802200.000000 2880.000000 -0.011921
4619600.000000 1820000.000000 2880.000000 -0.589280
