4625000.000000 1820000.000000 2880.000000 -0.347990
4625700.000000 1815000.000000 3390.000000 1.688000
4621800.000000 1817100.000000 3390.000000 2.879600
4621800.000000 1815800.000000 3560.000000 8.242800
4625700.000000 1812900.000000 3730.000000 1.395700
4626100.000000 1817100.000000 3220.000000 0.414030
4621000.000000 1816300.000000 3560.000000 5.485400
4620000.000000 1811700.000000 3390.000000 -13.355000
4626400.000000 1811700.000000 3730.000000 -0.142570
4620700.000000 1819200.000000 3050.000000 -0.623010
4622500.000000 1817100.000000 3560.000000 2.598000
4619200.000000 1813400.000000 3560.000000 8.521000
4619600.000000 1812900.000000 3730.000000 0.781300
4620000.000000 1817100.000000 3220.000000 1.548100
4626800.000000 1813800.000000 3560.000000 -0.210350
4620000.000000 1811300.000000 3560.000000 -10.407000
4618900.000000 1811700.000000 3390.000000 11.372000
4623900.000000 1818300.000000 3220.000000 1.000000
4616000.000000 1818700.000000 2540.000000 -0.362070
4618500.000000 1817100.000000 3050.000000 0.409230
4609800.000000 1814200.000000 2370.000000 0.560540
4618500.000000 1814200.000000 3560.000000 5.231200
4615600.000000 1819200.000000 2540.000000 -0.241630
4612400.000000 1816700.000000 2370.000000 0.437980
4614900.000000 1817100.000000 2540.000000 0.092921
4616000.000000 1811700.000000 2880.000000 3.241900
4618100.000000 1812100.000000 3390.000000 12.884000
4611700.000000 1811700.000000 2540.000000 -0.363470
4617100.000000 1816300.000000 3050.000000 1.130200
4615600.000000 1809200.000000 2710.000000 1.222200
4610900.000000 1808000.000000 2540.000000 -0.679500
4616000.000000 1810000.000000 2880.000000 4.322800
4610200.000000 1809600.000000 2370.000000 0.856640
4614900.000000 1810500.000000 2710.000000 1.495500
4612700.000000 1803400.000000 2540.000000 -1.317800
4616000.000000 1809200.000000 2880.000000 3.462500
4613800.000000 1803400.000000 2540.000000 -1.381500
4610200.000000 1807600.000000 2540.000000 -1.212000
4614200.000000 1803400.000000 2540.000000 -1.794400
4614900.000000 1808400.000000 2710.000000 0.943510
4616700.000000 1808800.000000 2880.000000 4.915700
4618100.000000 1802200.000000 2710.000000 -1.988600
4611300.000000 1801700.000000 2540.000000 -1.345200
4617400.000000 1808000.000000 2880.000000 5.568400
4610200.000000 1804200.000000 2540.000000 -0.993900
4610600.000000 1808400.000000 2540.000000 -1.182300
4615300.000000 1803800.000000 2540.000000 -1.892800
4618100.000000 1808400.000000 2880.000000 10.748000
4611700.000000 1804600.000000 2540.000000 -1.922000
4617800.000000 1803800.000000 2710.000000 -0.777340
4610900.000000 1810500.000000 2540.000000 -0.467510
4617100.000000 1807100.000000 2710.000000 0.953610
4617800.000000 1809200.000000 2880.000000 14.484000
4615600.000000 1808400.000000 2710.000000 0.878520
4613500.000000 1801700.000000 2540.000000 -0.709110
4613500.000000 1800900.000000 2540.000000 -1.644500
4616000.000000 1800900.000000 2540.000000 -1.922300
4613800.000000 1800500.000000 2540.000000 -0.598520
4610600.000000 1803000.000000 2540.000000 -1.165500
4611700.000000 1804200.000000 2540.000000 -1.684900
4612400.000000 1803000.000000 2540.000000 -1.757100
4610900.000000 1806700.000000 2540.000000 -1.822700
4612400.000000 1805900.000000 2540.000000 -2.638200
4609800.000000 1804200.000000 2540.000000 -1.079400
4610200.000000 1801300.000000 2540.000000 -0.103730
4611300.000000 1805100.000000 2540.000000 -1.605000
4613100.000000 1803000.000000 2540.000000 -1.632800
4613800.000000 1800900.000000 2540.000000 -0.786550
4617800.000000 1803000.000000 2710.000000 -0.814070
4616000.000000 1808800.000000 2710.000000 1.661600
4618100.000000 1803000.000000 2710.000000 -0.171540
4610600.000000 1808800.000000 2540.000000 -1.535300
4610900.000000 1805100.000000 2710.000000 -2.114600
4618500.000000 1805500.000000 2710.000000 0.272100
4612400.000000 1808000.000000 2540.000000 -1.268200
4612700.000000 1802200.000000 2540.000000 -1.434200
4610900.000000 1801300.000000 2540.000000 -1.422800
4615600.000000 1808000.000000 2710.000000 0.957750
4610200.000000 1804600.000000 2540.000000 -0.789830
4617100.000000 1801700.000000 2710.000000 0.214190
4609800.000000 1808000.000000 2540.000000 -0.769290
4616700.000000 1806300.000000 2710.000000 -0.153400
4611700.000000 1808000.000000 2540.000000 -0.064037
4612700.000000 1805900.000000 2540.000000 -0.822170
4616300.000000 1804600.000000 2710.000000 -1.659000
4622500.000000 1806700.000000 2880.000000 2.035900
4626800.000000 1810500.000000 3730.000000 -1.026800
4620000.000000 1802600.000000 2880.000000 -2.039100
4626400.000000 1807600.000000 3390.000000 0.234910
4623900.000000 1801700.000000 2880.000000 -0.960510
4619200.000000 1808800.000000 3050.000000 13.876000
4625000.000000 1805900.000000 3050.000000 0.301500
4623600.000000 1807100.000000 3050.000000 1.823600
4622500.000000 1804200.000000 2880.000000 -0.126940
