4609800.000000 1800500.000000 2540.000000 -1.223400
4609800.000000 1803000.000000 2540.000000 -0.677950
4609800.000000 1805500.000000 2710.000000 -1.233200
4609800.000000 1808000.000000 2540.000000 -0.769290
4609800.000000 1810500.000000 2370.000000 -0.004971
4609800.000000 1813400.000000 2200.000000 1.077200
4609800.000000 1815800.000000 2370.000000 -0.326210
4609800.000000 1818300.000000 2030.000000 -0.011918
4609800.000000 1820800.000000 2370.000000 0.242820
4612000.000000 1800500.000000 2540.000000 -0.427780
4612000.000000 1803000.000000 2540.000000 -0.927800
4612000.000000 1805500.000000 2540.000000 -0.844740
4612000.000000 1808000.000000 2540.000000 -0.826050
4612000.000000 1810500.000000 2540.000000 0.057694
4612000.000000 1813400.000000 2370.000000 0.428700
4612000.000000 1815800.000000 2200.000000 1.319500
4612000.000000 1818300.000000 2030.000000 0.949030
4612000.000000 1820800.000000 1860.000000 -0.166700
4614200.000000 1800500.000000 2540.000000 -1.283300
4614200.000000 1803000.000000 2540.000000 -1.512900
4614200.000000 1805500.000000 2540.000000 -0.913810
4614200.000000 1808000.000000 2710.000000 -1.110300
4614200.000000 1810500.000000 2710.000000 1.245400
4614200.000000 1813400.000000 2540.000000 1.599300
4614200.000000 1815800.000000 2540.000000 -0.351950
4614200.000000 1818300.000000 2370.000000 0.721310
4614200.000000 1820800.000000 2030.000000 -0.489420
4616300.000000 1800500.000000 2540.000000 -0.570340
4616300.000000 1803000.000000 2540.000000 -0.800010
4616300.000000 1805500.000000 2710.000000 -1.186800
4616300.000000 1808000.000000 2710.000000 2.251900
4616300.000000 1810500.000000 2880.000000 5.490300
4616300.000000 1813400.000000 3050.000000 2.405500
4616300.000000 1815800.000000 2880.000000 0.817050
4616300.000000 1818300.000000 2710.000000 0.609680
4616300.000000 1820800.000000 2370.000000 0.159140
4618500.000000 1800500.000000 2710.000000 -2.204700
4618500.000000 1803000.000000 2710.000000 -0.962140
4618500.000000 1805500.000000 2710.000000 0.272100
4618500.000000 1808000.000000 3050.000000 7.399700
4618500.000000 1810500.000000 3220.000000 18.402000
4618500.000000 1813400.000000 3390.000000 9.738500
4618500.000000 1815800.000000 3220.000000 1.610700
4618500.000000 1818300.000000 3050.000000 -1.182000
4618500.000000 1820800.000000 2710.000000 -0.998110
4621000.000000 1800500.000000 2880.000000 -0.563110
4621000.000000 1803000.000000 2880.000000 0.101460
4621000.000000 1805500.000000 2880.000000 1.588900
4621000.000000 1808000.000000 3220.000000 4.581400
4621000.000000 1810500.000000 3390.000000 1.952900
4621000.000000 1813400.000000 3560.000000 -19.965000
4621000.000000 1815800.000000 3560.000000 8.492000
4621000.000000 1818300.000000 3220.000000 0.760480
4621000.000000 1820800.000000 2880.000000 -0.502900
4623200.000000 1800500.000000 2710.000000 -0.472170
4623200.000000 1803000.000000 2880.000000 0.553510
4623200.000000 1805500.000000 3050.000000 0.746980
4623200.000000 1808000.000000 3220.000000 1.532200
4623200.000000 1810500.000000 3560.000000 4.395400
4623200.000000 1813400.000000 3900.000000 -5.251800
4623200.000000 1815800.000000 3730.000000 9.271200
4623200.000000 1818300.000000 3220.000000 0.622330
4623200.000000 1820800.000000 2880.000000 0.369410
4625400.000000 1800500.000000 2880.000000 -0.742520
4625400.000000 1803000.000000 2880.000000 0.029782
4625400.000000 1805500.000000 3050.000000 0.196590
4625400.000000 1808000.000000 3390.000000 0.801160
4625400.000000 1810500.000000 3900.000000 0.502880
4625400.000000 1813400.000000 3560.000000 3.231700
4625400.000000 1815800.000000 3390.000000 0.268040
4625400.000000 1818300.000000 3050.000000 -0.471350
4625400.000000 1820800.000000 2880.000000 1.666100
4627500.000000 1800500.000000 2710.000000 0.748690
4627500.000000 1803000.000000 2880.000000 -1.260000
4627500.000000 1805500.000000 2880.000000 0.737870
4627500.000000 1808000.000000 3390.000000 0.048697
4627500.000000 1810500.000000 3900.000000 -2.146100
4627500.000000 1813400.000000 3560.000000 -0.909810
4627500.000000 1815800.000000 3220.000000 -0.010747
4627500.000000 1818300.000000 3050.000000 -0.481390
4627500.000000 1820800.000000 2880.000000 -0.047836
