928290.000000 606930.000000 3309.600000 -1.605500
938010.000000 616420.000000 3390.200000 -12.369000
937430.000000 599450.000000 3390.200000 1.456000
924020.000000 618420.000000 3390.200000 -7.043900
926550.000000 600440.000000 3229.000000 -8.616000
933540.000000 603940.000000 3229.000000 4.677300
926350.000000 615670.000000 3551.400000 -11.936000
922080.000000 609430.000000 3229.000000 -14.017000
939570.000000 609430.000000 3148.400000 -0.017735
932180.000000 616420.000000 3470.800000 -16.614000
922080.000000 603440.000000 3551.400000 -3.866200
932760.000000 599450.000000 3229.000000 -7.108800
936840.000000 605940.000000 3148.400000 6.911500
935100.000000 610430.000000 3309.600000 -5.884200
923630.000000 597200.000000 3309.600000 -14.009000
938010.000000 620160.000000 3229.000000 -30.323000
930430.000000 612670.000000 3793.200000 -11.994000
926550.000000 611930.000000 3551.400000 -11.203000
925770.000000 620160.000000 3551.400000 -11.027000
922270.000000 613420.000000 2987.200000 -6.256900
936840.000000 597200.000000 3309.600000 11.062000
925570.000000 604440.000000 3309.600000 -9.451700
924410.000000 608180.000000 3309.600000 -7.646100
929070.000000 618420.000000 3470.800000 -16.187000
927520.000000 596950.000000 3309.600000 8.344900
934120.000000 612420.000000 3551.400000 -5.148900
939570.000000 603440.000000 3551.400000 6.094100
936070.000000 620160.000000 2906.600000 -43.787000
929850.000000 605190.000000 3229.000000 2.532800
931600.000000 608930.000000 3390.200000 0.301940
935290.000000 602440.000000 3309.600000 0.448480
939760.000000 611430.000000 3229.000000 -5.984900
931010.000000 601440.000000 3229.000000 -1.125800
939570.000000 617920.000000 3390.200000 -12.345000
923240.000000 599950.000000 3390.200000 -10.965000
933930.000000 620160.000000 2987.200000 -42.655000
935290.000000 607930.000000 3229.000000 2.205900
937620.000000 603690.000000 3390.200000 7.036000
924410.000000 614670.000000 3229.000000 -11.334000
930820.000000 614670.000000 3632.000000 -10.650000
935100.000000 598700.000000 3309.600000 -0.849990
930430.000000 599450.000000 3309.600000 -8.707300
939950.000000 596950.000000 3309.600000 10.838000
934120.000000 616420.000000 3470.800000 -16.573000
922080.000000 619910.000000 3712.600000 -2.390300
927910.000000 609930.000000 3551.400000 -6.397200
930630.000000 606930.000000 3309.600000 4.345100
937620.000000 610930.000000 3229.000000 -3.642400
922270.000000 605440.000000 3793.200000 -4.710200
924020.000000 603440.000000 3390.200000 -7.181700
925570.000000 610180.000000 3390.200000 0.420270
939760.000000 613670.000000 3309.600000 -4.746400
922080.000000 617670.000000 3390.200000 -4.103700
929270.000000 603190.000000 3229.000000 3.264600
939950.000000 607180.000000 3148.400000 7.051700
925960.000000 617920.000000 3390.200000 -11.023000
935290.000000 614420.000000 3390.200000 -9.532200
934510.000000 605940.000000 3229.000000 7.395500
932960.000000 618420.000000 3148.400000 -27.198000
933150.000000 597200.000000 3390.200000 11.598000
932180.000000 613170.000000 3793.200000 -11.056000
931400.000000 597200.000000 3390.200000 12.546000
922270.000000 615420.000000 2987.200000 -6.363800
926550.000000 613670.000000 3712.600000 -14.124000
938010.000000 607430.000000 3148.400000 6.274300
924410.000000 612420.000000 3309.600000 -15.454000
939570.000000 599200.000000 3470.800000 4.151900
935680.000000 604440.000000 3229.000000 5.230700
939370.000000 605440.000000 3309.600000 8.550300
933150.000000 601690.000000 3229.000000 -2.623100
926740.000000 598700.000000 3229.000000 -17.189000
930430.000000 610680.000000 3632.000000 -4.670100
936260.000000 616420.000000 3229.000000 -17.737000
923820.000000 610180.000000 3067.800000 -13.321000
939570.000000 601190.000000 3551.400000 5.756200
922270.000000 607680.000000 3470.800000 -3.976200
938010.000000 612920.000000 3309.600000 -8.480100
924600.000000 601440.000000 3390.200000 -8.534000
928680.000000 601190.000000 3229.000000 3.405900
931010.000000 618420.000000 3390.200000 -21.200000
931400.000000 603440.000000 3229.000000 1.039300
922080.000000 596950.000000 3390.200000 -9.670500
927710.000000 604690.000000 3229.000000 -7.530800
925380.000000 596950.000000 3229.000000 -0.995770
935100.000000 600440.000000 3309.600000 -1.276200
924800.000000 599200.000000 3309.600000 -25.943000
928490.000000 615420.000000 3793.200000 -13.611000
928680.000000 611680.000000 3954.400000 -10.097000
937430.000000 618420.000000 3229.000000 -19.589000
932760.000000 607180.000000 3309.600000 2.769000
924020.000000 620160.000000 3632.000000 -5.322700
924020.000000 605940.000000 3390.200000 -8.407400
937230.000000 601690.000000 3390.200000 2.456100
929460.000000 608680.000000 3470.800000 1.990800
927710.000000 617170.000000 3632.000000 -14.602000
932760.000000 610930.000000 3470.800000 -3.975700
937040.000000 609180.000000 3229.000000 -1.953800
930040.000000 616670.000000 3551.400000 -15.318000
927520.000000 619910.000000 3470.800000 -12.017000
938400.000000 597200.000000 3309.600000 12.516000
924410.000000 616420.000000 3229.000000 -9.460300
926160.000000 606430.000000 3309.600000 -8.426700
928490.000000 599200.000000 3229.000000 -10.674000
939760.000000 619910.000000 3632.000000 -17.511000
926740.000000 602690.000000 3229.000000 -7.704100
935100.000000 596950.000000 3309.600000 13.178000
929650.000000 620160.000000 3390.200000 -21.313000
926740.000000 608430.000000 3390.200000 -7.105700
935100.000000 618170.000000 3148.400000 -20.130000
931990.000000 605440.000000 3229.000000 1.864500
928680.000000 613670.000000 3954.400000 -14.028000
933150.000000 614670.000000 3632.000000 -8.935000
922270.000000 611680.000000 3067.800000 -19.964000
929460.000000 597200.000000 3309.600000 9.808700
937430.000000 614670.000000 3390.200000 -6.904000
936260.000000 612420.000000 3390.200000 -8.975700
931790.000000 620160.000000 3309.600000 -30.794000
922080.000000 601440.000000 3712.600000 -6.241500
922080.000000 598950.000000 3470.800000 -10.572000
933740.000000 609180.000000 3309.600000 -0.857630
939760.000000 615670.000000 3470.800000 -6.611200
