933350.000000 609180.000000 3309.600000 -1.446700
930240.000000 617170.000000 3551.400000 -18.569000
924600.000000 603940.000000 3390.200000 -10.676000
930430.000000 606680.000000 3309.600000 1.987800
930040.000000 601440.000000 3229.000000 -0.716690
933540.000000 606190.000000 3229.000000 3.129300
922270.000000 615170.000000 2826.000000 -7.241100
931400.000000 596700.000000 3309.600000 25.483000
933540.000000 611930.000000 3551.400000 -2.788500
922080.000000 605940.000000 3712.600000 -2.225400
926550.000000 608680.000000 3390.200000 -7.322400
935680.000000 617920.000000 3229.000000 -18.238000
931400.000000 614170.000000 3793.200000 -12.845000
932180.000000 609430.000000 3390.200000 -3.768800
928880.000000 620910.000000 3632.000000 -16.262000
932960.000000 604440.000000 3229.000000 2.866600
922270.000000 616670.000000 3148.400000 -3.512900
940540.000000 603690.000000 3470.800000 3.501300
934900.000000 608930.000000 3229.000000 0.965970
937040.000000 610680.000000 3229.000000 -2.145400
940340.000000 620160.000000 3551.400000 -16.978000
925570.000000 608430.000000 3309.600000 -5.766600
930240.000000 606190.000000 3309.600000 2.707100
939570.000000 617420.000000 3470.800000 -12.272000
930820.000000 607930.000000 3390.200000 1.930800
940540.000000 601190.000000 3712.600000 1.919400
924990.000000 611930.000000 3309.600000 -10.117000
937230.000000 606930.000000 3148.400000 7.596200
933930.000000 618660.000000 3229.000000 -25.234000
938400.000000 607930.000000 3148.400000 5.382200
921880.000000 601440.000000 3712.600000 -5.549900
926350.000000 615670.000000 3551.400000 -11.936000
930240.000000 602440.000000 3229.000000 0.098294
930820.000000 608430.000000 3390.200000 1.463700
937430.000000 603190.000000 3309.600000 5.138600
927710.000000 605440.000000 3309.600000 -6.195700
931990.000000 618420.000000 3067.800000 -25.593000
921690.000000 608930.000000 3148.400000 -7.842500
928880.000000 614420.000000 3793.200000 -14.158000
934120.000000 603690.000000 3229.000000 0.126270
931990.000000 607930.000000 3309.600000 1.974200
921300.000000 604940.000000 3793.200000 -3.166400
937430.000000 611680.000000 3309.600000 -3.722400
924210.000000 599450.000000 3309.600000 -19.870000
939370.000000 600440.000000 3551.400000 5.608500
921300.000000 605940.000000 3793.200000 -3.121600
930630.000000 600940.000000 3229.000000 -4.369100
927910.000000 612420.000000 3873.800000 -12.940000
924600.000000 611180.000000 3229.000000 -3.275500
925770.000000 597200.000000 3229.000000 -7.687900
928490.000000 601940.000000 3229.000000 7.497000
937230.000000 617170.000000 3229.000000 -18.317000
930820.000000 619410.000000 3390.200000 -22.542000
937040.000000 602940.000000 3390.200000 3.782500
927130.000000 604190.000000 3229.000000 -7.260200
936650.000000 605690.000000 3148.400000 11.681000
927130.000000 605940.000000 3309.600000 -9.438900
939950.000000 609930.000000 3148.400000 -2.748100
926160.000000 607430.000000 3309.600000 -8.920100
926160.000000 619160.000000 3390.200000 -13.078000
923440.000000 618170.000000 3390.200000 -6.701400
936650.000000 612670.000000 3390.200000 -9.120200
932960.000000 615420.000000 3712.600000 -13.662000
921490.000000 597950.000000 3470.800000 -9.475400
923820.000000 599950.000000 3390.200000 -10.757000
937040.000000 617920.000000 3148.400000 -20.824000
926550.000000 609430.000000 3390.200000 -7.319700
940150.000000 609430.000000 3148.400000 1.227000
933350.000000 603940.000000 3229.000000 -0.580830
926740.000000 615170.000000 3712.600000 -11.741000
931600.000000 601940.000000 3229.000000 -4.518900
922660.000000 620910.000000 3551.400000 -4.505600
928100.000000 613670.000000 3793.200000 -14.083000
926740.000000 619660.000000 3390.200000 -11.444000
926930.000000 602940.000000 3229.000000 -11.192000
937040.000000 615670.000000 3309.600000 -8.470800
923050.000000 613920.000000 3067.800000 -10.163000
934120.000000 617920.000000 3148.400000 -21.814000
937820.000000 614920.000000 3470.800000 -5.808000
925180.000000 601190.000000 3309.600000 -9.964400
938790.000000 609680.000000 3148.400000 -1.961000
923050.000000 609180.000000 3309.600000 -4.031500
931600.000000 610930.000000 3551.400000 -4.500600
928680.000000 610430.000000 3632.000000 -7.536900
932570.000000 611430.000000 3632.000000 -7.871300
927320.000000 607430.000000 3390.200000 -7.372000
927710.000000 597450.000000 3309.600000 -0.534560
927130.000000 597700.000000 3309.600000 -9.139200
938790.000000 596450.000000 3309.600000 17.725000
936260.000000 613670.000000 3470.800000 -7.284300
935680.000000 605690.000000 3229.000000 7.808500
936650.000000 606680.000000 3148.400000 9.615000
939180.000000 605690.000000 3229.000000 10.009000
923240.000000 610180.000000 3148.400000 -11.658000
927320.000000 609680.000000 3470.800000 -4.804600
928490.000000 617920.000000 3632.000000 -13.057000
938980.000000 618420.000000 3390.200000 -19.475000
936460.000000 602440.000000 3309.600000 -0.994160
935870.000000 605940.000000 3229.000000 5.717900
935290.000000 603940.000000 3229.000000 4.055700
922660.000000 612180.000000 2826.000000 -8.671900
931010.000000 600940.000000 3229.000000 -4.055600
930820.000000 596950.000000 3309.600000 18.540000
936840.000000 619410.000000 2987.200000 -30.369000
934510.000000 606930.000000 3229.000000 4.280200
925380.000000 612420.000000 3470.800000 -13.338000
924800.000000 611680.000000 3229.000000 -19.768000
936460.000000 608680.000000 3229.000000 -0.809590
938980.000000 601940.000000 3551.400000 6.117700
925770.000000 606190.000000 3309.600000 -11.281000
931990.000000 602940.000000 3229.000000 -1.376800
934320.000000 606930.000000 3229.000000 4.608300
929070.000000 596950.000000 3390.200000 18.404000
923440.000000 601940.000000 3551.400000 -5.449300
938210.000000 598450.000000 3390.200000 4.291200
929070.000000 608430.000000 3470.800000 1.257300
936070.000000 606190.000000 3229.000000 6.669000
922660.000000 612420.000000 2906.600000 -25.257000
925770.000000 607180.000000 3309.600000 -8.522400
929070.000000 613920.000000 3793.200000 -15.406000
935290.000000 600200.000000 3309.600000 -0.389070
