936460.000000 620410.000000 2906.600000 -44.007000
935290.000000 612180.000000 3470.800000 -3.652700
935100.000000 612180.000000 3470.800000 -7.194000
939760.000000 617920.000000 3390.200000 -14.657000
936840.000000 617920.000000 3067.800000 -20.119000
933540.000000 613170.000000 3712.600000 -10.590000
937040.000000 616920.000000 3148.400000 -17.378000
940340.000000 609680.000000 3148.400000 -4.969200
932760.000000 620410.000000 2987.200000 -39.089000
940540.000000 616170.000000 3551.400000 -11.948000
932760.000000 613920.000000 3793.200000 -8.891600
931790.000000 620160.000000 3309.600000 -30.794000
934510.000000 614420.000000 3470.800000 -11.269000
935290.000000 616420.000000 3390.200000 -11.553000
933540.000000 613670.000000 3632.000000 -7.667800
934510.000000 612670.000000 3551.400000 -7.494500
936460.000000 612180.000000 3309.600000 -6.723300
937230.000000 610180.000000 3229.000000 -3.785600
932570.000000 609180.000000 3390.200000 -2.850500
935290.000000 609430.000000 3229.000000 -0.324610
938980.000000 614170.000000 3390.200000 -1.782700
933740.000000 613420.000000 3712.600000 -8.431800
938790.000000 611430.000000 3229.000000 -3.443600
940340.000000 617670.000000 3470.800000 -11.981000
929850.000000 618420.000000 3632.000000 -18.438000
929460.000000 618660.000000 3551.400000 -16.668000
927520.000000 614670.000000 3712.600000 -12.984000
922850.000000 610930.000000 3229.000000 -6.260900
927710.000000 612670.000000 3954.400000 -8.881800
925770.000000 613670.000000 3470.800000 -15.071000
925770.000000 610180.000000 3390.200000 1.888600
929850.000000 619160.000000 3470.800000 -18.987000
927130.000000 619410.000000 3470.800000 -14.856000
929070.000000 615920.000000 3873.800000 -13.287000
922850.000000 614170.000000 2987.200000 -7.221500
922460.000000 620910.000000 3551.400000 -3.545400
926740.000000 613920.000000 3712.600000 -14.363000
924990.000000 609930.000000 3309.600000 -3.879000
929850.000000 602690.000000 3229.000000 5.916000
929650.000000 602940.000000 3229.000000 3.339300
928880.000000 608430.000000 3470.800000 0.590260
930630.000000 608430.000000 3390.200000 1.529900
930630.000000 602690.000000 3229.000000 2.049000
925380.000000 601190.000000 3229.000000 -9.201800
926550.000000 598450.000000 3229.000000 -18.785000
928680.000000 598950.000000 3309.600000 -10.969000
925960.000000 606430.000000 3309.600000 -9.104300
930040.000000 601190.000000 3229.000000 -2.754100
929650.000000 601190.000000 3229.000000 -3.440800
926550.000000 596200.000000 3309.600000 26.603000
927710.000000 606930.000000 3309.600000 -3.829400
926740.000000 600690.000000 3229.000000 -7.361500
926550.000000 604440.000000 3309.600000 -10.348000
923820.000000 602190.000000 3551.400000 -7.641000
928880.000000 599450.000000 3229.000000 -10.766000
927130.000000 603190.000000 3229.000000 -9.304600
924990.000000 606190.000000 3309.600000 -9.113500
928680.000000 602440.000000 3229.000000 5.831600
928290.000000 607180.000000 3309.600000 2.133000
922080.000000 601690.000000 3712.600000 -5.656000
925380.000000 599450.000000 3229.000000 -23.377000
925960.000000 601440.000000 3229.000000 -9.745800
930240.000000 599200.000000 3309.600000 -8.437600
922850.000000 596200.000000 3309.600000 5.877600
923240.000000 605690.000000 3551.400000 -4.012200
926350.000000 600690.000000 3229.000000 -11.908000
923630.000000 605940.000000 3470.800000 -8.163900
923050.000000 596950.000000 3309.600000 -9.038000
922660.000000 600690.000000 3551.400000 -7.572600
927320.000000 598950.000000 3229.000000 -9.656900
925960.000000 603190.000000 3229.000000 -7.300700
930040.000000 603940.000000 3229.000000 -1.362200
924990.000000 602440.000000 3309.600000 -11.097000
930430.000000 598450.000000 3309.600000 -3.438800
926160.000000 599450.000000 3229.000000 -15.006000
928680.000000 607930.000000 3390.200000 1.898100
921490.000000 596700.000000 3390.200000 -5.177700
926350.000000 596700.000000 3229.000000 7.117700
930630.000000 601940.000000 3229.000000 0.237580
929850.000000 597950.000000 3309.600000 1.428300
926350.000000 596950.000000 3229.000000 -2.564000
930430.000000 603190.000000 3229.000000 2.704700
927320.000000 604440.000000 3229.000000 -8.274000
924020.000000 607430.000000 3390.200000 -3.264400
928880.000000 597950.000000 3390.200000 -1.536100
922460.000000 600690.000000 3551.400000 -8.060700
921690.000000 606430.000000 3712.600000 -7.427600
929460.000000 602440.000000 3229.000000 7.169000
930240.000000 607930.000000 3390.200000 3.221800
921300.000000 603690.000000 3873.800000 -4.400900
930820.000000 604190.000000 3229.000000 -1.124600
924800.000000 604440.000000 3309.600000 -7.981800
924020.000000 606930.000000 3390.200000 -4.026500
922850.000000 603440.000000 3470.800000 -6.109900
923630.000000 596700.000000 3309.600000 0.356420
925380.000000 608430.000000 3309.600000 -5.707200
923240.000000 607180.000000 3390.200000 -6.522700
923630.000000 604940.000000 3390.200000 -3.341700
922460.000000 608430.000000 3390.200000 -5.861200
922460.000000 599700.000000 3470.800000 -9.909900
930040.000000 597200.000000 3309.600000 12.186000
925380.000000 596700.000000 3229.000000 7.900700
921300.000000 601940.000000 3793.200000 -3.898600
930820.000000 603940.000000 3229.000000 -1.267400
926160.000000 599950.000000 3229.000000 -10.805000
930240.000000 597700.000000 3309.600000 2.341200
929650.000000 596200.000000 3309.600000 40.065000
922080.000000 597950.000000 3470.800000 -11.702000
930820.000000 607680.000000 3390.200000 3.060300
930240.000000 604940.000000 3229.000000 1.888400
937620.000000 607680.000000 3148.400000 5.304600
938400.000000 604940.000000 3309.600000 7.720100
932180.000000 598950.000000 3309.600000 -2.948900
933740.000000 604940.000000 3229.000000 6.432400
938210.000000 605440.000000 3229.000000 7.199900
932570.000000 602690.000000 3229.000000 1.383200
940150.000000 608180.000000 3148.400000 0.278210
936070.000000 602190.000000 3309.600000 1.323600
934510.000000 605440.000000 3229.000000 4.514500
935870.000000 599200.000000 3309.600000 1.718200
933930.000000 607680.000000 3229.000000 3.304800
