921300.000000 596200.000000 3390.200000 -2.832800
921300.000000 598700.000000 3551.400000 -7.499600
921300.000000 601190.000000 3712.600000 -5.713800
921300.000000 603690.000000 3873.800000 -4.400900
921300.000000 606190.000000 3793.200000 -6.774900
921300.000000 608430.000000 3229.000000 -4.121400
921300.000000 610930.000000 2987.200000 -11.213000
921300.000000 613420.000000 2664.800000 -2.379500
921300.000000 615920.000000 3148.400000 -5.280800
921300.000000 618420.000000 3470.800000 -4.534300
921300.000000 620910.000000 3551.400000 -3.136200
923240.000000 596200.000000 3309.600000 13.629000
923240.000000 598700.000000 3390.200000 -21.445000
923240.000000 601190.000000 3470.800000 -8.845500
923240.000000 603690.000000 3551.400000 -8.053000
923240.000000 606190.000000 3470.800000 -7.311900
923240.000000 608430.000000 3390.200000 -2.578200
923240.000000 610930.000000 3067.800000 -12.224000
923240.000000 613420.000000 3067.800000 -8.788800
923240.000000 615920.000000 3067.800000 -9.367800
923240.000000 618420.000000 3390.200000 -4.931900
923240.000000 620910.000000 3632.000000 -5.712000
925180.000000 596200.000000 3229.000000 23.467000
925180.000000 598700.000000 3229.000000 -31.888000
925180.000000 601190.000000 3309.600000 -9.964400
925180.000000 603690.000000 3309.600000 -7.970500
925180.000000 606190.000000 3309.600000 -8.556100
925180.000000 608430.000000 3309.600000 -4.893100
925180.000000 610930.000000 3309.600000 -17.036000
925180.000000 613420.000000 3067.800000 -11.875000
925180.000000 615920.000000 3229.000000 -6.523700
925180.000000 618420.000000 3309.600000 -10.290000
925180.000000 620910.000000 3632.000000 -5.246700
927130.000000 596200.000000 3390.200000 31.626000
927130.000000 598700.000000 3229.000000 -10.930000
927130.000000 601190.000000 3229.000000 -7.412300
927130.000000 603690.000000 3229.000000 -9.844000
927130.000000 606190.000000 3309.600000 -8.662300
927130.000000 608430.000000 3390.200000 -5.797600
927130.000000 610930.000000 3551.400000 -7.833200
927130.000000 613420.000000 3632.000000 -13.473000
927130.000000 615920.000000 3712.600000 -11.997000
927130.000000 618420.000000 3390.200000 -11.894000
927130.000000 620910.000000 3632.000000 -10.291000
929070.000000 596200.000000 3390.200000 40.469000
929070.000000 598700.000000 3309.600000 -6.753600
929070.000000 601190.000000 3229.000000 2.683800
929070.000000 603690.000000 3229.000000 1.956700
929070.000000 606190.000000 3309.600000 2.002400
929070.000000 608430.000000 3470.800000 1.257300
929070.000000 610930.000000 3712.600000 -9.021200
929070.000000 613420.000000 3873.800000 -17.055000
929070.000000 615920.000000 3873.800000 -13.287000
929070.000000 618420.000000 3470.800000 -16.187000
929070.000000 620910.000000 3551.400000 -16.504000
931010.000000 596200.000000 3309.600000 39.008000
931010.000000 598700.000000 3309.600000 -8.154600
931010.000000 601190.000000 3229.000000 -5.455200
931010.000000 603690.000000 3229.000000 -0.009992
931010.000000 606190.000000 3309.600000 3.296800
931010.000000 608430.000000 3390.200000 1.354200
931010.000000 610930.000000 3632.000000 -10.565000
931010.000000 613420.000000 3873.800000 -14.297000
931010.000000 615920.000000 3551.400000 -14.982000
931010.000000 618420.000000 3390.200000 -21.200000
931010.000000 620910.000000 3148.400000 -24.898000
932760.000000 596200.000000 3309.600000 32.337000
932760.000000 598700.000000 3309.600000 -3.466400
932760.000000 601190.000000 3229.000000 -3.151900
932760.000000 603690.000000 3229.000000 1.171900
932760.000000 606190.000000 3229.000000 0.751000
932760.000000 608430.000000 3309.600000 2.940800
932760.000000 610930.000000 3470.800000 -3.975700
932760.000000 613420.000000 3712.600000 -10.900000
932760.000000 615920.000000 3632.000000 -15.150000
932760.000000 618420.000000 3229.000000 -24.864000
932760.000000 620910.000000 3148.400000 -31.397000
934710.000000 596200.000000 3309.600000 25.097000
934710.000000 598700.000000 3309.600000 -3.738500
934710.000000 601190.000000 3309.600000 -4.169700
934710.000000 603690.000000 3229.000000 1.191700
934710.000000 606190.000000 3229.000000 2.592300
934710.000000 608430.000000 3229.000000 2.826800
934710.000000 610930.000000 3390.200000 -2.880900
934710.000000 613420.000000 3551.400000 -7.373900
934710.000000 615920.000000 3390.200000 -13.722000
934710.000000 618420.000000 3148.400000 -23.492000
934710.000000 620910.000000 3067.800000 -40.295000
936650.000000 596200.000000 3309.600000 22.620000
936650.000000 598700.000000 3309.600000 3.246900
936650.000000 601190.000000 3309.600000 3.568900
936650.000000 603690.000000 3390.200000 4.946600
936650.000000 606190.000000 3148.400000 9.566200
936650.000000 608430.000000 3229.000000 3.417800
936650.000000 610930.000000 3309.600000 -7.267700
936650.000000 613420.000000 3390.200000 -4.949500
936650.000000 615920.000000 3309.600000 -12.765000
936650.000000 618420.000000 2987.200000 -19.163000
936650.000000 620910.000000 2906.600000 -71.799000
938590.000000 596200.000000 3309.600000 18.837000
938590.000000 598700.000000 3390.200000 7.233900
938590.000000 601190.000000 3470.800000 1.955800
938590.000000 603690.000000 3390.200000 6.533900
938590.000000 606190.000000 3148.400000 10.542000
938590.000000 608430.000000 3148.400000 7.470000
938590.000000 610930.000000 3229.000000 -4.245600
938590.000000 613420.000000 3309.600000 -4.573100
938590.000000 615920.000000 3470.800000 -8.550500
938590.000000 618420.000000 3390.200000 -18.205000
938590.000000 620910.000000 3229.000000 -34.885000
940540.000000 596200.000000 3309.600000 8.687500
940540.000000 598700.000000 3390.200000 1.583600
940540.000000 601190.000000 3712.600000 1.919400
940540.000000 603690.000000 3470.800000 3.501300
940540.000000 606190.000000 3229.000000 2.482600
940540.000000 608430.000000 3148.400000 -0.516520
940540.000000 610930.000000 3148.400000 -5.879400
940540.000000 613420.000000 3309.600000 -4.920600
940540.000000 615920.000000 3470.800000 -7.595300
940540.000000 618420.000000 3470.800000 -12.577000
940540.000000 620910.000000 3551.400000 -16.476000
