4623921.000000 1820610.000000 2961.000000 -34.743250
4622839.000000 1813770.000000 4151.000000 -30.067840
4622658.000000 1813770.000000 4151.000000 -38.135530
4626989.000000 1818537.000000 3046.000000 -20.272230
4624282.000000 1818537.000000 3216.000000 -31.709220
4621215.000000 1814599.000000 3641.000000 3.393242
4624463.000000 1817708.000000 3301.000000 -22.162450
4627530.000000 1811697.000000 3641.000000 -1.133803
4620493.000000 1820610.000000 2876.000000 -34.334360
4627710.000000 1817086.000000 3131.000000 -15.825250
4620493.000000 1815221.000000 3641.000000 -6.518869
4619591.000000 1820403.000000 2791.000000 -32.456630
4622117.000000 1815635.000000 3726.000000 -10.885030
4622839.000000 1817294.000000 3471.000000 -12.939600
4621215.000000 1815013.000000 3726.000000 -3.173363
4622117.000000 1814184.000000 3896.000000 -3.233962
4623921.000000 1813770.000000 3896.000000 2.726006
4624643.000000 1812111.000000 3981.000000 -4.676085
4620313.000000 1811282.000000 3556.000000 -2.726752
4622839.000000 1811489.000000 3641.000000 -1.856280
4626267.000000 1815428.000000 3386.000000 -5.164182
4621395.000000 1814806.000000 3811.000000 3.391019
4626086.000000 1813148.000000 3726.000000 -20.868040
4627530.000000 1818330.000000 3131.000000 -16.739850
4619411.000000 1820403.000000 2791.000000 -32.574830
4621937.000000 1819367.000000 3216.000000 -31.732460
4623380.000000 1813770.000000 3981.000000 15.214650
4622478.000000 1817916.000000 3471.000000 -28.635030
4623560.000000 1816050.000000 3726.000000 -23.369760
4620674.000000 1812733.000000 3811.000000 -4.685664
4623921.000000 1816464.000000 3556.000000 -24.827910
4619411.000000 1819989.000000 2876.000000 -33.899570
4623019.000000 1816879.000000 3556.000000 -15.769610
4626086.000000 1817501.000000 3216.000000 -23.115780
4622117.000000 1817501.000000 3386.000000 -17.626670
4622839.000000 1815843.000000 3811.000000 -5.375345
4625365.000000 1815428.000000 3471.000000 -13.339820
4623741.000000 1814184.000000 3811.000000 0.899408
4625906.000000 1819574.000000 3046.000000 -21.362510
4623380.000000 1812526.000000 3981.000000 -27.873790
4626989.000000 1815843.000000 3301.000000 -15.558560
4623380.000000 1815635.000000 3726.000000 -4.775335
4625726.000000 1818330.000000 3216.000000 -17.061020
4623380.000000 1814184.000000 3981.000000 -0.354076
4621576.000000 1815428.000000 3641.000000 -8.532153
4624643.000000 1812526.000000 3981.000000 -7.851292
4623560.000000 1813148.000000 4066.000000 -28.052150
4619230.000000 1817916.000000 3131.000000 -15.378570
4625545.000000 1811904.000000 3896.000000 -4.099258
4627349.000000 1821025.000000 3046.000000 -58.500560
4620313.000000 1815013.000000 3556.000000 -4.491836
4625184.000000 1811904.000000 3896.000000 -2.148579
4621395.000000 1812318.000000 3726.000000 -2.813366
4619050.000000 1819781.000000 2876.000000 -0.436735
4619050.000000 1812111.000000 3641.000000 -3.292757
4619591.000000 1814599.000000 3386.000000 -5.205145
4622478.000000 1818330.000000 3301.000000 -18.211370
4623380.000000 1819781.000000 3046.000000 -27.383790
4625906.000000 1811282.000000 3896.000000 -0.958855
4623921.000000 1821025.000000 2876.000000 -42.759350
4627349.000000 1812733.000000 3641.000000 -0.436182
4624102.000000 1813977.000000 3896.000000 -25.752280
4619772.000000 1820818.000000 2791.000000 -38.867970
4626628.000000 1816464.000000 3216.000000 -11.041420
4619411.000000 1816672.000000 3301.000000 -18.584620
4623019.000000 1818537.000000 3131.000000 -16.665220
4624102.000000 1815428.000000 3641.000000 -3.238936
4619411.000000 1818745.000000 3131.000000 -8.449578
4620854.000000 1815428.000000 3641.000000 -6.614927
4620313.000000 1817708.000000 3301.000000 -28.901700
4620674.000000 1814599.000000 3556.000000 -4.128506
4627169.000000 1820403.000000 3046.000000 -26.868520
4626989.000000 1815221.000000 3386.000000 -11.044060
4617787.000000 1818952.000000 2706.000000 -23.526830
4617426.000000 1819159.000000 2791.000000 0.431209
4615622.000000 1815843.000000 2876.000000 -26.673420
4611292.000000 1812733.000000 2536.000000 -15.683480
4615802.000000 1814184.000000 2876.000000 -9.380556
4613998.000000 1815013.000000 2621.000000 -20.836090
4613998.000000 1812111.000000 2621.000000 -17.247080
4617787.000000 1819574.000000 2791.000000 -33.418450
4615261.000000 1819781.000000 2621.000000 -42.517210
4617065.000000 1816879.000000 2876.000000 -8.314530
4611292.000000 1815428.000000 2196.000000 -4.537954
4610931.000000 1821025.000000 2111.000000 -20.626260
4614900.000000 1815221.000000 2706.000000 -11.253600
4613276.000000 1811904.000000 2536.000000 -9.517775
4613457.000000 1811904.000000 2536.000000 -13.279660
4614359.000000 1811489.000000 2621.000000 -11.385240
4613457.000000 1815221.000000 2536.000000 -13.943560
4609848.000000 1817916.000000 2111.000000 -0.495268
4611472.000000 1815428.000000 2281.000000 -23.773590
4612374.000000 1812733.000000 2536.000000 -25.975300
4610029.000000 1813977.000000 2366.000000 -23.847310
4614359.000000 1814806.000000 2621.000000 -9.878937
4617246.000000 1811489.000000 3131.000000 -2.333511
4612915.000000 1812111.000000 2621.000000 -20.464590
4612735.000000 1810867.000000 2706.000000 -10.655000
4613276.000000 1814806.000000 2621.000000 -26.856460
4612194.000000 1815428.000000 2281.000000 -19.434800
4617065.000000 1813148.000000 3301.000000 -19.965810
4616885.000000 1814806.000000 3216.000000 -11.808450
4615261.000000 1810867.000000 2791.000000 -6.086484
4616704.000000 1814391.000000 3216.000000 -14.653840
4612194.000000 1819367.000000 2111.000000 -6.907198
4617246.000000 1813148.000000 3301.000000 -15.808980
4617606.000000 1815013.000000 3471.000000 -38.553330
4617606.000000 1810867.000000 3216.000000 -4.408786
4614900.000000 1818330.000000 2536.000000 -25.159530
4615441.000000 1813770.000000 2876.000000 -17.731950
4612915.000000 1820403.000000 2111.000000 -8.997573
4616163.000000 1818330.000000 2706.000000 -26.272400
4613457.000000 1817501.000000 2451.000000 -28.006400
4611652.000000 1813355.000000 2451.000000 -21.720230
4613096.000000 1817294.000000 2451.000000 -25.479410
4615622.000000 1813977.000000 2876.000000 -18.160310
4614359.000000 1820196.000000 2281.000000 -6.660330
4617787.000000 1805892.000000 2791.000000 -23.639210
4617606.000000 1806100.000000 2791.000000 -25.816100
4616885.000000 1810660.000000 2961.000000 -4.918452
4618509.000000 1810660.000000 3301.000000 -4.846802
4618509.000000 1805892.000000 2791.000000 -16.749220
4613637.000000 1804648.000000 2621.000000 -23.633740
4614720.000000 1802368.000000 2621.000000 -20.762090
4616704.000000 1802783.000000 2706.000000 -21.311450
4614178.000000 1809002.000000 2791.000000 -19.456870
4617967.000000 1804648.000000 2791.000000 -23.128350
4617606.000000 1804648.000000 2791.000000 -32.479710
4614720.000000 1800502.000000 2621.000000 -11.893290
4615802.000000 1809416.000000 2876.000000 -25.029810
4614900.000000 1804234.000000 2621.000000 -21.252840
4614720.000000 1807343.000000 2791.000000 -27.479350
4612194.000000 1805478.000000 2706.000000 -25.341690
4616885.000000 1803197.000000 2706.000000 -20.901890
4615261.000000 1806307.000000 2706.000000 -23.253980
4613276.000000 1808794.000000 2706.000000 -22.264130
4616704.000000 1805685.000000 2706.000000 -21.276590
4616343.000000 1809624.000000 2961.000000 -26.960200
4610570.000000 1805063.000000 2791.000000 -29.546000
4613637.000000 1803197.000000 2621.000000 -21.264840
4614178.000000 1804856.000000 2706.000000 -22.507010
4618148.000000 1802990.000000 2791.000000 -20.739320
4611292.000000 1800502.000000 2621.000000 -14.609520
4611652.000000 1808380.000000 2621.000000 -15.950470
4614539.000000 1804234.000000 2706.000000 -24.880030
4612013.000000 1808587.000000 2621.000000 -20.154060
4611472.000000 1801124.000000 2621.000000 -20.338110
4611111.000000 1804234.000000 2621.000000 -16.860490
4615441.000000 1802783.000000 2621.000000 -22.816330
4614178.000000 1806307.000000 2706.000000 -19.380420
4617967.000000 1806929.000000 2876.000000 -29.086060
4613276.000000 1805685.000000 2706.000000 -25.443920
4618328.000000 1802368.000000 2876.000000 -26.239910
4614359.000000 1803197.000000 2621.000000 -20.941270
4616704.000000 1810245.000000 2961.000000 -4.360880
4610029.000000 1800917.000000 2621.000000 -18.910810
4614539.000000 1800917.000000 2621.000000 -18.853330
4618509.000000 1805270.000000 2876.000000 -33.082080
4617787.000000 1801954.000000 2791.000000 -26.130450
4614539.000000 1801124.000000 2621.000000 -22.156930
4618328.000000 1806307.000000 2876.000000 -29.355760
4615441.000000 1807343.000000 2791.000000 -26.621040
4612374.000000 1809831.000000 2706.000000 -19.453990
4616885.000000 1801954.000000 2706.000000 -23.900410
4610931.000000 1804234.000000 2621.000000 -11.937250
4610209.000000 1809002.000000 2621.000000 -16.346900
4617426.000000 1805685.000000 2791.000000 -22.694730
4618148.000000 1810245.000000 3216.000000 -4.252703
4609848.000000 1806721.000000 2706.000000 -20.412860
4618689.000000 1807136.000000 2961.000000 -7.120236
4613096.000000 1807343.000000 2791.000000 -34.181380
4612374.000000 1809416.000000 2706.000000 -18.978910
4611292.000000 1806514.000000 2706.000000 -29.157810
4612013.000000 1800917.000000 2621.000000 -20.364930
4613637.000000 1810660.000000 2791.000000 -23.986780
4611652.000000 1809624.000000 2621.000000 -21.249660
4612013.000000 1807758.000000 2706.000000 -19.955060
4610931.000000 1810660.000000 2621.000000 -24.179340
4610931.000000 1803405.000000 2621.000000 -19.113650
4617967.000000 1801332.000000 2791.000000 -21.882440
4613637.000000 1800917.000000 2706.000000 -30.304620
4609848.000000 1805270.000000 2706.000000 -19.360690
4618689.000000 1806929.000000 2961.000000 -29.272430
4614359.000000 1803612.000000 2621.000000 -21.146410
4618148.000000 1801746.000000 2791.000000 -21.817000
4617606.000000 1800502.000000 2791.000000 -9.157755
4610570.000000 1801954.000000 2621.000000 -19.516870
4618689.000000 1810038.000000 3301.000000 -6.356701
4618148.000000 1807758.000000 3046.000000 -30.328300
4617246.000000 1809416.000000 2961.000000 -4.700744
4612013.000000 1805270.000000 2706.000000 -23.056600
4610570.000000 1800710.000000 2621.000000 -20.864700
4615441.000000 1804234.000000 2706.000000 -21.955190
4617426.000000 1807965.000000 2961.000000 -25.319410
4612194.000000 1810038.000000 2621.000000 -13.766210
4617426.000000 1802990.000000 2706.000000 -22.391910
4618328.000000 1808587.000000 3046.000000 -5.730461
4612915.000000 1801539.000000 2621.000000 -23.874170
4613998.000000 1801746.000000 2621.000000 -21.548730
4617787.000000 1801332.000000 2876.000000 -6.679571
4610389.000000 1802368.000000 2621.000000 -21.116000
4614359.000000 1806100.000000 2706.000000 -23.254840
4614359.000000 1806307.000000 2706.000000 -23.201490
4617787.000000 1804441.000000 2791.000000 -23.644560
4618689.000000 1804027.000000 2791.000000 -13.590500
4615802.000000 1803405.000000 2621.000000 -24.360970
4616524.000000 1810245.000000 2961.000000 -3.946275
4610931.000000 1809831.000000 2621.000000 -19.965510
4613276.000000 1810038.000000 2706.000000 -20.332580
4615080.000000 1808587.000000 2791.000000 -21.954780
4613998.000000 1808794.000000 2791.000000 -39.416590
4617967.000000 1806514.000000 2876.000000 -37.018170
4617967.000000 1803197.000000 2791.000000 -23.706920
4618689.000000 1807758.000000 3131.000000 -27.168240
4616524.000000 1803405.000000 2706.000000 -22.445030
4618148.000000 1806514.000000 2876.000000 -29.988580
4614359.000000 1810038.000000 2791.000000 -20.368370
4616163.000000 1809416.000000 2876.000000 -26.469100
4616524.000000 1804856.000000 2706.000000 -22.373900
4617606.000000 1802783.000000 2791.000000 -20.805530
4611111.000000 1809209.000000 2621.000000 -21.673130
4615983.000000 1802368.000000 2621.000000 -15.135390
4610209.000000 1808173.000000 2621.000000 -18.282000
4611833.000000 1805892.000000 2706.000000 -23.050870
4613096.000000 1806721.000000 2706.000000 -23.066270
4610209.000000 1800710.000000 2621.000000 -20.130070
4618328.000000 1803405.000000 2791.000000 -20.282530
4609848.000000 1810660.000000 2536.000000 -26.509680
4612374.000000 1802990.000000 2621.000000 -20.307740
4613457.000000 1807551.000000 2706.000000 -20.158160
4611652.000000 1804234.000000 2621.000000 -21.412360
4612374.000000 1800917.000000 2621.000000 -20.203650
4611472.000000 1810038.000000 2621.000000 -23.125480
4611472.000000 1805478.000000 2706.000000 -31.724500
4614900.000000 1801954.000000 2621.000000 -21.640870
4612194.000000 1805685.000000 2706.000000 -21.202110
4614178.000000 1810660.000000 2791.000000 -29.454180
4612374.000000 1809624.000000 2706.000000 -23.837980
4610750.000000 1803197.000000 2621.000000 -19.037290
4611652.000000 1802575.000000 2621.000000 -21.910130
4615622.000000 1803819.000000 2706.000000 -23.073990
4610209.000000 1807136.000000 2621.000000 -18.430930
4618689.000000 1808794.000000 3131.000000 -4.697202
4616704.000000 1808173.000000 2876.000000 -24.814580
4611472.000000 1807343.000000 2621.000000 -21.145130
4618148.000000 1800917.000000 2791.000000 -24.050700
4616704.000000 1801539.000000 2706.000000 -19.119610
4615080.000000 1803197.000000 2621.000000 -19.342210
4616524.000000 1801124.000000 2791.000000 -26.893940
4609848.000000 1808173.000000 2621.000000 -20.809440
4617606.000000 1808794.000000 2961.000000 -5.762547
4613637.000000 1801954.000000 2621.000000 -18.675690
4616343.000000 1810038.000000 3046.000000 -26.001180
4613818.000000 1805270.000000 2706.000000 -21.994280
4612735.000000 1803612.000000 2621.000000 -18.753290
4618509.000000 1808380.000000 3046.000000 -1.937893
4615802.000000 1802783.000000 2621.000000 -19.273080
4617787.000000 1809624.000000 3046.000000 -3.886467
4610931.000000 1803612.000000 2621.000000 -18.170700
4616163.000000 1804648.000000 2706.000000 -22.685320
4610029.000000 1809831.000000 2536.000000 -25.955920
4617065.000000 1809002.000000 3046.000000 -28.117280
4614178.000000 1809831.000000 2791.000000 -20.367790
4609848.000000 1810038.000000 2451.000000 -8.917858
4613998.000000 1810453.000000 2791.000000 -21.934290
4613276.000000 1801954.000000 2621.000000 -22.713950
4612013.000000 1809002.000000 2621.000000 -18.706270
4611472.000000 1801539.000000 2621.000000 -20.808980
4618148.000000 1808380.000000 2961.000000 -4.338705
4612915.000000 1807551.000000 2706.000000 -17.130910
4614359.000000 1810245.000000 2791.000000 -20.766020
4610750.000000 1808587.000000 2621.000000 -24.044200
4614539.000000 1802368.000000 2621.000000 -21.379890
4616524.000000 1809624.000000 3046.000000 -24.994480
4614359.000000 1809831.000000 2791.000000 -25.301890
4614900.000000 1805892.000000 2706.000000 -20.445250
4617606.000000 1802990.000000 2791.000000 -25.148170
4613276.000000 1803612.000000 2621.000000 -17.773120
4613818.000000 1802990.000000 2621.000000 -19.950430
4609848.000000 1805063.000000 2706.000000 -18.930130
4612374.000000 1807965.000000 2706.000000 -31.644310
4614539.000000 1805478.000000 2706.000000 -22.107500
4610750.000000 1805892.000000 2706.000000 -22.815140
4617967.000000 1806307.000000 2791.000000 -23.674460
4612555.000000 1810038.000000 2706.000000 -22.674760
4610570.000000 1807551.000000 2621.000000 -15.541670
4611111.000000 1804648.000000 2706.000000 -16.564880
4611111.000000 1809624.000000 2621.000000 -21.149000
4615622.000000 1806307.000000 2706.000000 -24.893810
4615983.000000 1801332.000000 2621.000000 -22.782310
4616163.000000 1801746.000000 2621.000000 -22.046940
4615261.000000 1805892.000000 2706.000000 -23.594880
4615261.000000 1800710.000000 2621.000000 -15.840640
4613998.000000 1801954.000000 2621.000000 -19.216960
4614178.000000 1807343.000000 2791.000000 -34.104960
4615622.000000 1803612.000000 2706.000000 -21.637840
4614900.000000 1801124.000000 2621.000000 -20.598620
4616704.000000 1807136.000000 2876.000000 -27.539480
4615441.000000 1807551.000000 2791.000000 -26.126010
4615441.000000 1808794.000000 2791.000000 -25.840530
4613276.000000 1806721.000000 2706.000000 -20.255630
4613457.000000 1804856.000000 2621.000000 -23.642290
4614359.000000 1808173.000000 2706.000000 -23.729490
4610931.000000 1804441.000000 2621.000000 -17.039600
4617065.000000 1805892.000000 2791.000000 -29.753300
4610029.000000 1810660.000000 2536.000000 -29.689490
4618148.000000 1802783.000000 2791.000000 -21.157710
4617246.000000 1804027.000000 2706.000000 -21.595410
4615441.000000 1810453.000000 2791.000000 2.501384
4616524.000000 1808587.000000 2876.000000 -22.033180
4616343.000000 1801124.000000 2706.000000 -22.165600
4617426.000000 1808587.000000 3046.000000 -24.561560
4614178.000000 1810245.000000 2791.000000 -23.307580
4617426.000000 1810453.000000 3131.000000 -2.878565
4612555.000000 1802990.000000 2621.000000 -19.416500
4614539.000000 1803612.000000 2621.000000 -19.100980
4612915.000000 1807136.000000 2706.000000 -23.841420
4612915.000000 1802575.000000 2621.000000 -19.946380
4612374.000000 1808173.000000 2621.000000 -9.638814
4615261.000000 1804648.000000 2706.000000 -22.709270
4615261.000000 1808794.000000 2791.000000 -23.537800
4610029.000000 1803612.000000 2621.000000 -18.305060
4618689.000000 1808587.000000 3131.000000 -4.742135
4616885.000000 1805892.000000 2791.000000 -27.043480
4612194.000000 1810660.000000 2621.000000 -11.045210
4614178.000000 1807965.000000 2791.000000 -34.842100
4612013.000000 1810245.000000 2706.000000 -39.469330
4610209.000000 1803405.000000 2621.000000 -19.638670
4613457.000000 1809209.000000 2706.000000 -22.197910
4614178.000000 1805063.000000 2706.000000 -22.696840
4612194.000000 1808380.000000 2621.000000 -21.300760
4618509.000000 1808587.000000 3046.000000 -6.829797
4614900.000000 1806100.000000 2706.000000 -25.192580
4616524.000000 1801539.000000 2706.000000 -20.374190
4618148.000000 1807136.000000 2961.000000 -34.918300
4613998.000000 1803819.000000 2621.000000 -18.860320
4611833.000000 1801332.000000 2621.000000 -21.083920
4612013.000000 1800710.000000 2621.000000 -18.601490
4625004.000000 1810038.000000 3811.000000 -25.367760
4625726.000000 1807758.000000 3386.000000 -26.254330
4619952.000000 1802783.000000 2876.000000 -21.628420
4621395.000000 1807758.000000 3216.000000 -4.998589
4625545.000000 1808173.000000 3471.000000 -24.002500
4620313.000000 1805892.000000 3046.000000 -25.320500
4627349.000000 1810453.000000 3981.000000 -4.085415
4623560.000000 1805478.000000 3216.000000 -32.069730
4622117.000000 1808173.000000 3216.000000 -8.618142
4623380.000000 1802990.000000 2961.000000 -31.513600
4621576.000000 1810038.000000 3471.000000 -17.185800
4626086.000000 1800710.000000 2876.000000 9.221628
4625184.000000 1801954.000000 2876.000000 -23.865160
4620493.000000 1806514.000000 3131.000000 -32.186720
4621034.000000 1804856.000000 2791.000000 0.861576
4624823.000000 1803405.000000 2961.000000 -24.524870
4627349.000000 1810660.000000 3896.000000 -0.323688
4619952.000000 1810038.000000 3386.000000 -8.099292
4625004.000000 1803612.000000 3046.000000 -28.365540
4624282.000000 1809209.000000 3556.000000 -20.818920
4624102.000000 1802783.000000 2961.000000 -22.573630
4625004.000000 1800710.000000 2961.000000 3.531071
4622839.000000 1810660.000000 3641.000000 -13.563090
4625906.000000 1807758.000000 3471.000000 -18.626120
4623380.000000 1807551.000000 3216.000000 -6.148952
4626808.000000 1809209.000000 3981.000000 -0.070942
4622658.000000 1807551.000000 3301.000000 -9.799572
4625365.000000 1803819.000000 2961.000000 -25.566440
4620313.000000 1805270.000000 3046.000000 -33.932010
4625726.000000 1801539.000000 2876.000000 -22.734010
4621756.000000 1810038.000000 3471.000000 -16.133400
4625004.000000 1807965.000000 3386.000000 -23.050500
4622478.000000 1808173.000000 3216.000000 -6.163119
4623200.000000 1802161.000000 2961.000000 -27.537230
4623019.000000 1801746.000000 2876.000000 -27.232190
4623380.000000 1808794.000000 3471.000000 -9.988574
