4616524.000000 1809831.000000 3046.000000 -23.436520
4623921.000000 1816464.000000 3556.000000 -24.827910
4621576.000000 1802783.000000 3131.000000 -13.768500
4614720.000000 1818537.000000 2536.000000 -28.484570
4615441.000000 1804441.000000 2706.000000 -22.000710
4627349.000000 1809002.000000 3811.000000 2.878571
4610389.000000 1812733.000000 2536.000000 -27.434600
4626628.000000 1805270.000000 3131.000000 -16.993770
4623200.000000 1812733.000000 3981.000000 -33.258310
4612013.000000 1800917.000000 2621.000000 -20.364930
4623380.000000 1807343.000000 3216.000000 -5.558341
4610209.000000 1807551.000000 2621.000000 -20.412370
4616163.000000 1814806.000000 2961.000000 -19.159310
4619050.000000 1819781.000000 2876.000000 -0.436735
4610209.000000 1819367.000000 2196.000000 -10.392650
4619411.000000 1813977.000000 3471.000000 -3.898739
4625004.000000 1820610.000000 2961.000000 -31.218140
4626086.000000 1815013.000000 3471.000000 -7.819336
4624643.000000 1802161.000000 2961.000000 -21.539610
4618148.000000 1807136.000000 2961.000000 -34.918300
4613998.000000 1801539.000000 2621.000000 -22.445920
4613818.000000 1811489.000000 2621.000000 -9.230818
4618509.000000 1801954.000000 2791.000000 -20.059350
4613457.000000 1807343.000000 2791.000000 -39.946420
4612555.000000 1815428.000000 2366.000000 -14.893490
4619952.000000 1808380.000000 3131.000000 -8.963534
4626989.000000 1818745.000000 3046.000000 -17.427540
4620132.000000 1816464.000000 3471.000000 -24.187740
4621215.000000 1818745.000000 3216.000000 -19.301940
4612194.000000 1804234.000000 2621.000000 -21.570540
4622117.000000 1805685.000000 2961.000000 -4.661624
4621756.000000 1811075.000000 3471.000000 -0.298932
4611292.000000 1809416.000000 2621.000000 -18.601030
4618689.000000 1811489.000000 3556.000000 -4.305090
4613276.000000 1819781.000000 2196.000000 -9.285474
4626989.000000 1801746.000000 2791.000000 -21.217170
4625365.000000 1810453.000000 3981.000000 -2.830562
4619772.000000 1803819.000000 2961.000000 -37.790870
4612013.000000 1818330.000000 2111.000000 -2.446684
4616343.000000 1807136.000000 2791.000000 -28.124440
4618509.000000 1816672.000000 3216.000000 -25.616550
4616343.000000 1812111.000000 3131.000000 -26.834080
4610209.000000 1815635.000000 2536.000000 -20.414040
4610389.000000 1804856.000000 2706.000000 -21.449630
4627349.000000 1811697.000000 3641.000000 0.651694
4622658.000000 1804648.000000 3046.000000 -28.555030
4622117.000000 1801746.000000 2876.000000 -22.298440
4617065.000000 1818537.000000 2791.000000 -1.520062
4610389.000000 1802990.000000 2621.000000 -18.038090
4623019.000000 1814599.000000 4151.000000 -13.618150
4616704.000000 1803819.000000 2706.000000 -24.561220
4625365.000000 1812318.000000 3896.000000 -9.779691
4626628.000000 1807343.000000 3471.000000 10.334810
4613637.000000 1814184.000000 2706.000000 -28.864590
4624463.000000 1818123.000000 3216.000000 -21.015090
4624282.000000 1808173.000000 3386.000000 -5.269706
4616343.000000 1819367.000000 2621.000000 -27.182210
4623200.000000 1820610.000000 3046.000000 -38.321590
4625906.000000 1804441.000000 2876.000000 -23.877220
4611292.000000 1810660.000000 2621.000000 -15.068410
4620854.000000 1811697.000000 3641.000000 -2.983224
4610750.000000 1820196.000000 2111.000000 -14.657640
4612374.000000 1809002.000000 2706.000000 -28.086660
4611292.000000 1806100.000000 2706.000000 -21.418750
4616885.000000 1801746.000000 2706.000000 -23.914290
4617426.000000 1805478.000000 2791.000000 -24.985260
4618509.000000 1810245.000000 3301.000000 -7.008476
4614178.000000 1816464.000000 2706.000000 -35.826500
4625906.000000 1816879.000000 3216.000000 -17.149910
4619772.000000 1806100.000000 2961.000000 -15.629090
4618328.000000 1814184.000000 3556.000000 -26.979450
4614900.000000 1809002.000000 2791.000000 -23.344310
4622117.000000 1818330.000000 3386.000000 -24.574810
4624823.000000 1815013.000000 3556.000000 -20.161420
4624643.000000 1805478.000000 3131.000000 -16.722290
4618689.000000 1800917.000000 2876.000000 2.946242
4627349.000000 1820610.000000 3046.000000 -28.824560
4620313.000000 1810453.000000 3556.000000 -7.790764
4621756.000000 1809209.000000 3471.000000 -12.275470
4623560.000000 1810660.000000 3641.000000 -26.340810
4623200.000000 1803405.000000 2876.000000 -18.905040
4616163.000000 1816879.000000 2706.000000 -11.705000
4616343.000000 1813770.000000 3046.000000 -19.205710
4612735.000000 1813355.000000 2451.000000 -9.464484
4621034.000000 1816464.000000 3641.000000 -17.626340
4620854.000000 1820818.000000 2876.000000 -41.358830
4612915.000000 1805270.000000 2706.000000 -27.851810
4612013.000000 1816257.000000 2281.000000 -25.140540
4621215.000000 1806929.000000 3131.000000 5.427995
4613276.000000 1802575.000000 2621.000000 -20.690290
4614539.000000 1820610.000000 2111.000000 -9.054415
4619411.000000 1801124.000000 2876.000000 -21.618490
4614720.000000 1803819.000000 2621.000000 -20.905260
4626267.000000 1802783.000000 2791.000000 -25.328440
4617426.000000 1820610.000000 2706.000000 -41.108320
4620674.000000 1813562.000000 3556.000000 0.828059
4610931.000000 1811904.000000 2621.000000 -16.224100
4616704.000000 1815843.000000 2961.000000 -9.456292
4620132.000000 1818330.000000 3131.000000 -11.998910
4624102.000000 1800917.000000 2961.000000 6.070711
4612735.000000 1812318.000000 2536.000000 -15.625330
4610570.000000 1817501.000000 2366.000000 -24.778670
4614359.000000 1812526.000000 2706.000000 -21.096220
4613096.000000 1817916.000000 2281.000000 -17.614970
4624823.000000 1809209.000000 3556.000000 -30.272020
4619411.000000 1815013.000000 3471.000000 -4.776709
4625004.000000 1807343.000000 3386.000000 -29.847630
4614178.000000 1810038.000000 2791.000000 -21.252680
4627349.000000 1812733.000000 3641.000000 -0.436182
4614359.000000 1805892.000000 2706.000000 -21.092900
4610209.000000 1800917.000000 2621.000000 -18.245060
4625365.000000 1808380.000000 3471.000000 -28.796610
4619952.000000 1805063.000000 2961.000000 -35.946750
4627169.000000 1816050.000000 3216.000000 -11.704700
4626628.000000 1820610.000000 3046.000000 -34.125310
4612555.000000 1820610.000000 2196.000000 -13.584910
4617967.000000 1803612.000000 2791.000000 -17.389220
4626447.000000 1810453.000000 3811.000000 -1.679152
4617246.000000 1807965.000000 2961.000000 -27.215970
4615983.000000 1803197.000000 2621.000000 -19.474700
4617426.000000 1813562.000000 3301.000000 4.755500
4627349.000000 1803612.000000 2876.000000 -17.922300
4613276.000000 1800710.000000 2621.000000 -16.972640
4618869.000000 1808587.000000 3131.000000 -5.416831
4620132.000000 1801746.000000 2961.000000 -30.545530
4610029.000000 1811904.000000 2536.000000 -27.429590
4621937.000000 1816257.000000 3556.000000 -7.227750
4611472.000000 1815221.000000 2281.000000 -20.375440
4615080.000000 1810867.000000 2791.000000 -16.571340
4613818.000000 1803405.000000 2621.000000 -20.957810
4626086.000000 1800917.000000 2961.000000 -0.034920
4614900.000000 1815013.000000 2791.000000 -27.492370
4623741.000000 1819989.000000 3046.000000 -32.537070
4621756.000000 1804856.000000 2876.000000 6.814073
4613276.000000 1810660.000000 2791.000000 -34.190460
4624463.000000 1819367.000000 3046.000000 -21.479740
4622117.000000 1806721.000000 3131.000000 -9.414597
4623200.000000 1813770.000000 3981.000000 8.391539
4615261.000000 1807758.000000 2791.000000 -25.580650
4615441.000000 1806514.000000 2706.000000 -22.036980
4610209.000000 1805685.000000 2706.000000 -20.970490
4623380.000000 1801332.000000 2961.000000 -25.204760
4624643.000000 1804441.000000 3046.000000 -23.815230
4611472.000000 1801954.000000 2621.000000 -21.512590
4625004.000000 1813355.000000 3726.000000 -23.609820
4610209.000000 1808794.000000 2706.000000 -34.534120
4615441.000000 1800710.000000 2621.000000 -18.788170
4625365.000000 1819574.000000 3046.000000 -9.269120
4610389.000000 1814806.000000 2366.000000 -18.812520
4619772.000000 1813148.000000 3641.000000 -1.506447
4621395.000000 1800917.000000 2961.000000 8.264976
4623741.000000 1806307.000000 3216.000000 -28.058430
4617787.000000 1812111.000000 3386.000000 -3.255458
4615261.000000 1817501.000000 2621.000000 -22.850920
4614178.000000 1807965.000000 2791.000000 -34.842100
4627169.000000 1817086.000000 3131.000000 -19.553770
4621937.000000 1808380.000000 3301.000000 -9.521194
4616524.000000 1804856.000000 2706.000000 -22.373900
4627349.000000 1815013.000000 3386.000000 -15.169890
4624463.000000 1810245.000000 3811.000000 -24.509940
4620854.000000 1803405.000000 2961.000000 -26.974470
4621756.000000 1814184.000000 3811.000000 -0.437606
4622839.000000 1816050.000000 3726.000000 -4.389307
4618509.000000 1817708.000000 3131.000000 -33.585480
4614539.000000 1813562.000000 2791.000000 -22.245690
4622478.000000 1811697.000000 3556.000000 -1.838424
4625906.000000 1815843.000000 3386.000000 -23.039870
4615261.000000 1819574.000000 2621.000000 -41.331450
4623921.000000 1809209.000000 3556.000000 -23.940340
4619591.000000 1820610.000000 2791.000000 -31.408830
4611472.000000 1807136.000000 2621.000000 -22.322630
4620313.000000 1817294.000000 3386.000000 -25.312110
4623560.000000 1817916.000000 3301.000000 -22.733000
4622117.000000 1819574.000000 3131.000000 -25.371770
4613818.000000 1818537.000000 2366.000000 -20.668570
4617606.000000 1810038.000000 3131.000000 -6.510684
4626086.000000 1809416.000000 3896.000000 -0.805451
4621215.000000 1817708.000000 3386.000000 -27.583610
4624102.000000 1813355.000000 3981.000000 -34.265020
4618148.000000 1818537.000000 2961.000000 -2.207372
4617246.000000 1816672.000000 3046.000000 -10.213680
4624282.000000 1812318.000000 3981.000000 -6.884137
4618509.000000 1813148.000000 3471.000000 -4.578872
4611472.000000 1802990.000000 2621.000000 -21.065260
4619591.000000 1809416.000000 3301.000000 -10.355800
4624282.000000 1803405.000000 2961.000000 -21.030170
4626628.000000 1814184.000000 3556.000000 -18.635530
4615802.000000 1811489.000000 2876.000000 -5.377177
4619230.000000 1816050.000000 3301.000000 -17.728230
4625545.000000 1805270.000000 3131.000000 -15.875030
4618509.000000 1815221.000000 3556.000000 1.327302
4613276.000000 1816050.000000 2536.000000 -23.351580
4625365.000000 1817708.000000 3301.000000 -23.283840
4610389.000000 1809831.000000 2536.000000 -18.383820
4617065.000000 1806307.000000 2791.000000 -24.972520
4612194.000000 1819781.000000 2026.000000 -9.121403
4627349.000000 1805478.000000 2961.000000 -17.338150
4620313.000000 1819989.000000 3046.000000 -4.836097
4612915.000000 1801539.000000 2621.000000 -23.874170
4627349.000000 1819574.000000 3046.000000 -19.314030
4617065.000000 1802990.000000 2706.000000 -21.296190
4613096.000000 1809624.000000 2706.000000 -20.020500
4613637.000000 1812733.000000 2621.000000 -28.923110
4626447.000000 1812318.000000 3811.000000 -3.197147
4621215.000000 1805478.000000 2961.000000 -5.092730
4618328.000000 1805063.000000 2791.000000 -25.320090
4622117.000000 1810038.000000 3556.000000 -16.870310
4624643.000000 1817086.000000 3386.000000 -26.859670
4626447.000000 1808380.000000 3641.000000 -17.526570
4621215.000000 1812940.000000 3811.000000 -8.367446
4616524.000000 1820610.000000 2536.000000 -34.451290
4625545.000000 1814184.000000 3641.000000 -18.783870
4615622.000000 1812733.000000 2961.000000 -15.540860
4616163.000000 1802161.000000 2706.000000 -24.429870
4611111.000000 1816257.000000 2111.000000 -8.637729
4617065.000000 1800710.000000 2706.000000 -20.139750
4619230.000000 1810660.000000 3301.000000 -10.529530
4610209.000000 1803819.000000 2621.000000 -21.028530
4618328.000000 1819367.000000 2876.000000 -37.652850
4619230.000000 1807758.000000 3046.000000 -2.950790
4617426.000000 1809002.000000 2961.000000 -3.380920
4613998.000000 1815428.000000 2536.000000 -10.203570
4624463.000000 1811282.000000 3896.000000 -3.233026
4615622.000000 1820610.000000 2536.000000 -44.368800
4617246.000000 1814599.000000 3301.000000 -17.736420
4622839.000000 1802368.000000 2876.000000 -25.346370
4621395.000000 1815221.000000 3726.000000 -4.844910
4622839.000000 1809624.000000 3471.000000 -14.031600
4611833.000000 1813977.000000 2281.000000 -16.076430
4615802.000000 1818537.000000 2621.000000 -25.248780
4613818.000000 1804441.000000 2621.000000 -20.612780
4619411.000000 1802575.000000 2876.000000 -27.015790
4610931.000000 1818537.000000 2111.000000 -3.807193
4615802.000000 1809002.000000 2876.000000 -21.348670
4627349.000000 1810453.000000 3981.000000 -4.085415
4621034.000000 1807965.000000 3301.000000 -7.866556
4622658.000000 1800710.000000 2791.000000 -22.376980
4619952.000000 1811282.000000 3386.000000 -1.017876
4620674.000000 1804441.000000 2791.000000 -2.167579
4611652.000000 1817294.000000 2111.000000 -11.471270
4612555.000000 1807343.000000 2706.000000 -25.374050
4625726.000000 1801954.000000 2876.000000 -21.910540
4616524.000000 1817708.000000 2876.000000 -14.440680
4627349.000000 1802575.000000 2961.000000 -31.984070
4617606.000000 1804441.000000 2791.000000 -24.944790
4617787.000000 1801124.000000 2791.000000 -25.824280
4611652.000000 1805270.000000 2621.000000 -23.367110
4622297.000000 1817294.000000 3471.000000 -22.444800
4615261.000000 1802783.000000 2621.000000 -22.677930
4616163.000000 1805892.000000 2791.000000 -24.689740
4618148.000000 1806307.000000 2791.000000 -28.485990
4613818.000000 1809002.000000 2706.000000 -14.153750
4618509.000000 1809416.000000 3131.000000 -4.702780
4616163.000000 1808173.000000 2791.000000 -22.753400
4622117.000000 1820610.000000 2961.000000 -34.955770
4626267.000000 1819574.000000 3046.000000 -16.997360
4623380.000000 1811697.000000 3726.000000 -29.083750
4622839.000000 1806307.000000 3046.000000 -3.776193
4615622.000000 1815843.000000 2876.000000 -26.673420
4614178.000000 1817501.000000 2451.000000 -25.041750
4616343.000000 1810660.000000 2876.000000 -2.539745
4619411.000000 1817294.000000 3301.000000 -24.547080
4623741.000000 1804234.000000 2961.000000 -37.225900
4626628.000000 1811282.000000 3726.000000 -3.132802
4627349.000000 1800917.000000 2791.000000 2.308346
4624282.000000 1814184.000000 3811.000000 -18.478650
4623741.000000 1815428.000000 3726.000000 -2.372128
4611833.000000 1811904.000000 2621.000000 -22.928920
4613276.000000 1806307.000000 2706.000000 -24.413340
4620313.000000 1802783.000000 2876.000000 -24.669930
4611111.000000 1808380.000000 2536.000000 -10.286470
4612915.000000 1803612.000000 2621.000000 -19.769070
4610389.000000 1810867.000000 2536.000000 -18.872760
4625545.000000 1806307.000000 3301.000000 -27.529260
4620493.000000 1814391.000000 3471.000000 -0.843241
4622658.000000 1810660.000000 3641.000000 -8.270621
4620313.000000 1800710.000000 2961.000000 4.195674
4620674.000000 1809209.000000 3386.000000 -10.966930
4610750.000000 1801954.000000 2621.000000 -20.606320
4615441.000000 1813977.000000 2876.000000 -14.082140
4611652.000000 1812940.000000 2536.000000 -27.600500
4620132.000000 1812318.000000 3726.000000 -4.157395
4624823.000000 1816050.000000 3471.000000 -17.101560
4624463.000000 1806721.000000 3301.000000 -24.549350
4617246.000000 1819574.000000 2706.000000 -23.209370
4622839.000000 1818537.000000 3216.000000 -16.543880
4610209.000000 1820610.000000 2451.000000 -35.057710
4611292.000000 1804027.000000 2621.000000 -19.913640
4611111.000000 1800917.000000 2621.000000 -21.178820
4626628.000000 1806307.000000 3216.000000 -20.405100
4614178.000000 1802575.000000 2621.000000 -20.790390
4617967.000000 1820196.000000 2791.000000 -37.196340
4614359.000000 1806929.000000 2791.000000 -29.657110
4623019.000000 1808587.000000 3386.000000 -10.010720
4621576.000000 1812111.000000 3726.000000 -3.594718
4624282.000000 1820610.000000 2961.000000 -31.821540
4615441.000000 1810038.000000 2876.000000 -25.389710
4617787.000000 1815843.000000 3301.000000 11.317050
4610209.000000 1816672.000000 2451.000000 -20.182930
4621576.000000 1803819.000000 3046.000000 -39.112260
4621215.000000 1809831.000000 3386.000000 -12.133000
4615261.000000 1801746.000000 2621.000000 -23.517690
4625906.000000 1807343.000000 3301.000000 -39.210100
4619050.000000 1812318.000000 3641.000000 -4.547426
4622117.000000 1807758.000000 3216.000000 -5.542058
4619952.000000 1819159.000000 3131.000000 -26.540590
4612735.000000 1817086.000000 2536.000000 -28.339700
4615080.000000 1816464.000000 2706.000000 -14.524340
4612735.000000 1814599.000000 2536.000000 -40.166080
4623741.000000 1802368.000000 2961.000000 -27.122670
4622297.000000 1812526.000000 3811.000000 -32.463760
4612735.000000 1818745.000000 2366.000000 -27.638450
4615261.000000 1805270.000000 2706.000000 -22.940170
4625726.000000 1811489.000000 3896.000000 -1.046565
4617787.000000 1811075.000000 3216.000000 -3.345454
4617606.000000 1802161.000000 2791.000000 -24.912160
4614900.000000 1811697.000000 2791.000000 -14.351910
4627349.000000 1807965.000000 3471.000000 -21.391330
4611292.000000 1819367.000000 2026.000000 -9.830130
4626447.000000 1803819.000000 2791.000000 -13.021990
4620313.000000 1815428.000000 3556.000000 -5.126147
4625184.000000 1803197.000000 2961.000000 -26.703510
4612194.000000 1802161.000000 2621.000000 -19.534220
4623741.000000 1818952.000000 3131.000000 -29.268810
4620313.000000 1807136.000000 3216.000000 -32.773400
4620674.000000 1806100.000000 3046.000000 -27.557890
4623200.000000 1817294.000000 3386.000000 -9.718593
4614539.000000 1800917.000000 2621.000000 -18.853330
4613637.000000 1820610.000000 2196.000000 -13.208120
4610209.000000 1813770.000000 2281.000000 -11.140470
4616163.000000 1801124.000000 2621.000000 -16.899900
4622297.000000 1815221.000000 3811.000000 7.327529
4621034.000000 1801746.000000 3046.000000 -6.052940
4627169.000000 1809624.000000 3896.000000 -0.248134
4622297.000000 1803405.000000 2961.000000 -31.939100
4617246.000000 1806929.000000 2876.000000 -25.707890
4621034.000000 1810660.000000 3386.000000 0.484878
4619230.000000 1806721.000000 2961.000000 -2.514397
4618328.000000 1802783.000000 2876.000000 -28.023480
4623019.000000 1819574.000000 3046.000000 -20.300300
4617606.000000 1817708.000000 2961.000000 -0.997001
4625365.000000 1818745.000000 3131.000000 -18.923330
4612555.000000 1811282.000000 2706.000000 -25.348870
4610931.000000 1813977.000000 2451.000000 -20.563480
4627349.000000 1806721.000000 3216.000000 -24.592540
4618869.000000 1804648.000000 2876.000000 -31.936070
4610029.000000 1802161.000000 2621.000000 -19.447550
4625906.000000 1820610.000000 2961.000000 -23.169930
4627349.000000 1817916.000000 3131.000000 -19.840070
4625184.000000 1800917.000000 2876.000000 -24.147910
4614178.000000 1805063.000000 2706.000000 -22.696840
4627169.000000 1804648.000000 3046.000000 -21.110090
4618509.000000 1820818.000000 2706.000000 -41.852390
4610389.000000 1806721.000000 2621.000000 -11.951930
4612013.000000 1808173.000000 2621.000000 -11.740610
4627349.000000 1813770.000000 3556.000000 2.841542
4618148.000000 1807965.000000 2961.000000 -1.923272
4617065.000000 1811282.000000 3046.000000 -4.330102
4613096.000000 1808173.000000 2706.000000 -24.927840
4619050.000000 1818537.000000 3131.000000 -10.230290
4626267.000000 1813355.000000 3726.000000 0.446272
4612194.000000 1803197.000000 2621.000000 -19.789530
4610029.000000 1818330.000000 2026.000000 -3.945213
4623560.000000 1805270.000000 3131.000000 -36.402410
4616885.000000 1812733.000000 3301.000000 -11.090420
4611652.000000 1820610.000000 2026.000000 -13.412400
4619050.000000 1805685.000000 2876.000000 -22.498410
4614178.000000 1819574.000000 2451.000000 -36.152230
4626267.000000 1818123.000000 3216.000000 -20.301700
4612194.000000 1810245.000000 2706.000000 -30.955100
4622297.000000 1813355.000000 3981.000000 -1.289430
4612374.000000 1806307.000000 2706.000000 -22.433980
4621215.000000 1819781.000000 3131.000000 -33.018640
4619050.000000 1803612.000000 2876.000000 -26.100010
