4609848.000000 1800502.000000 2621.000000 -21.859680
4609848.000000 1801539.000000 2621.000000 -20.393720
4609848.000000 1802783.000000 2621.000000 -19.364320
4609848.000000 1803819.000000 2621.000000 -15.623880
4609848.000000 1805063.000000 2706.000000 -18.930130
4609848.000000 1806100.000000 2706.000000 -21.618010
4609848.000000 1807343.000000 2621.000000 -16.013540
4609848.000000 1808380.000000 2621.000000 -19.641800
4609848.000000 1809624.000000 2536.000000 -17.550060
4609848.000000 1810660.000000 2536.000000 -26.509680
4609848.000000 1811904.000000 2536.000000 -28.473960
4609848.000000 1812940.000000 2451.000000 -16.164120
4609848.000000 1814184.000000 2536.000000 -27.812150
4609848.000000 1815221.000000 2536.000000 -18.116140
4609848.000000 1816464.000000 2451.000000 -10.554540
4609848.000000 1817501.000000 2281.000000 -10.501920
4609848.000000 1818745.000000 2026.000000 -6.894744
4609848.000000 1819781.000000 2451.000000 -29.800630
4609848.000000 1821025.000000 2366.000000 -12.587000
4610750.000000 1800502.000000 2621.000000 -13.027000
4610750.000000 1801539.000000 2621.000000 -21.031810
4610750.000000 1802783.000000 2621.000000 -20.842440
4610750.000000 1803819.000000 2621.000000 -22.699040
4610750.000000 1805063.000000 2706.000000 -24.934180
4610750.000000 1806100.000000 2706.000000 -20.147100
4610750.000000 1807343.000000 2706.000000 -24.058460
4610750.000000 1808380.000000 2621.000000 -17.034540
4610750.000000 1809624.000000 2621.000000 -28.917490
4610750.000000 1810660.000000 2621.000000 -25.929120
4610750.000000 1811904.000000 2536.000000 -15.230990
4610750.000000 1812940.000000 2451.000000 -11.029750
4610750.000000 1814184.000000 2281.000000 -20.423660
4610750.000000 1815221.000000 2196.000000 -20.392080
4610750.000000 1816464.000000 2281.000000 -29.958270
4610750.000000 1817501.000000 2281.000000 -18.135340
4610750.000000 1818745.000000 2281.000000 -31.036130
4610750.000000 1819781.000000 2026.000000 -9.458176
4610750.000000 1821025.000000 2196.000000 -21.801240
4611833.000000 1800502.000000 2621.000000 -10.088810
4611833.000000 1801539.000000 2621.000000 -21.788950
4611833.000000 1802783.000000 2621.000000 -21.073960
4611833.000000 1803819.000000 2621.000000 -19.415720
4611833.000000 1805063.000000 2706.000000 -23.995980
4611833.000000 1806100.000000 2706.000000 -23.041020
4611833.000000 1807343.000000 2706.000000 -29.624890
4611833.000000 1808380.000000 2621.000000 -17.424260
4611833.000000 1809624.000000 2621.000000 -22.180700
4611833.000000 1810660.000000 2621.000000 -18.472690
4611833.000000 1811904.000000 2621.000000 -22.928920
4611833.000000 1812940.000000 2536.000000 -26.420620
4611833.000000 1814184.000000 2281.000000 -22.540920
4611833.000000 1815221.000000 2281.000000 -21.982360
4611833.000000 1816464.000000 2196.000000 -3.869484
4611833.000000 1817501.000000 2196.000000 -15.405060
4611833.000000 1818745.000000 2026.000000 -8.025825
4611833.000000 1819781.000000 2026.000000 -14.141920
4611833.000000 1821025.000000 1941.000000 -20.884030
4612735.000000 1800502.000000 2621.000000 -10.602930
4612735.000000 1801539.000000 2621.000000 -25.290030
4612735.000000 1802783.000000 2621.000000 -21.190670
4612735.000000 1803819.000000 2621.000000 -20.452730
4612735.000000 1805063.000000 2621.000000 -23.446590
4612735.000000 1806100.000000 2706.000000 -22.320890
4612735.000000 1807343.000000 2706.000000 -28.353600
4612735.000000 1808380.000000 2706.000000 -28.249950
4612735.000000 1809624.000000 2706.000000 -20.208660
4612735.000000 1810660.000000 2791.000000 -28.983530
4612735.000000 1811904.000000 2536.000000 -9.532131
4612735.000000 1812940.000000 2536.000000 -11.397450
4612735.000000 1814184.000000 2451.000000 -14.201820
4612735.000000 1815221.000000 2366.000000 -17.524060
4612735.000000 1816464.000000 2536.000000 -27.622880
4612735.000000 1817501.000000 2451.000000 -24.899720
4612735.000000 1818745.000000 2366.000000 -27.638450
4612735.000000 1819781.000000 2281.000000 -1.829762
4612735.000000 1821025.000000 2111.000000 -19.084280
4613818.000000 1800502.000000 2621.000000 -12.242810
4613818.000000 1801539.000000 2621.000000 -22.024750
4613818.000000 1802783.000000 2621.000000 -22.192810
4613818.000000 1803819.000000 2621.000000 -20.247370
4613818.000000 1805063.000000 2706.000000 -25.677250
4613818.000000 1806100.000000 2706.000000 -24.067420
4613818.000000 1807343.000000 2791.000000 -40.679550
4613818.000000 1808380.000000 2706.000000 -22.292080
4613818.000000 1809624.000000 2791.000000 -23.693800
4613818.000000 1810660.000000 2791.000000 -22.319890
4613818.000000 1811904.000000 2621.000000 -17.427910
4613818.000000 1812940.000000 2621.000000 -17.864040
4613818.000000 1814184.000000 2706.000000 -22.744510
4613818.000000 1815221.000000 2536.000000 -10.981230
4613818.000000 1816464.000000 2621.000000 -31.532710
4613818.000000 1817501.000000 2451.000000 -28.930020
4613818.000000 1818745.000000 2366.000000 -26.528110
4613818.000000 1819781.000000 2366.000000 -14.757250
4613818.000000 1821025.000000 2111.000000 -18.909170
4614720.000000 1800502.000000 2621.000000 -11.893290
4614720.000000 1801539.000000 2621.000000 -23.007520
4614720.000000 1802783.000000 2621.000000 -21.588450
4614720.000000 1803819.000000 2621.000000 -20.905260
4614720.000000 1805063.000000 2706.000000 -24.273570
4614720.000000 1806100.000000 2706.000000 -19.515950
4614720.000000 1807343.000000 2791.000000 -27.479350
4614720.000000 1808380.000000 2791.000000 -20.780170
4614720.000000 1809624.000000 2876.000000 -30.948310
4614720.000000 1810660.000000 2791.000000 -29.843440
4614720.000000 1811904.000000 2706.000000 6.305817
4614720.000000 1812940.000000 2791.000000 -13.265460
4614720.000000 1814184.000000 2791.000000 -17.659960
4614720.000000 1815221.000000 2706.000000 -17.028610
4614720.000000 1816464.000000 2706.000000 -22.444080
4614720.000000 1817708.000000 2536.000000 -28.514640
4614720.000000 1818745.000000 2621.000000 -43.065850
4614720.000000 1819781.000000 2366.000000 -15.545780
4614720.000000 1821025.000000 2196.000000 -18.316490
4615802.000000 1800502.000000 2621.000000 -12.263900
4615802.000000 1801539.000000 2621.000000 -21.877330
4615802.000000 1802783.000000 2621.000000 -19.273080
4615802.000000 1803819.000000 2706.000000 -24.422610
4615802.000000 1805063.000000 2706.000000 -22.305610
4615802.000000 1806100.000000 2706.000000 -25.264350
4615802.000000 1807343.000000 2791.000000 -27.151260
4615802.000000 1808380.000000 2791.000000 -24.327410
4615802.000000 1809624.000000 2961.000000 -28.615730
4615802.000000 1810660.000000 2791.000000 1.380511
4615802.000000 1811904.000000 2876.000000 -7.665691
4615802.000000 1812940.000000 2961.000000 -16.010070
4615802.000000 1814184.000000 2876.000000 -9.380556
4615802.000000 1815221.000000 2876.000000 -25.212330
4615802.000000 1816464.000000 2791.000000 -28.327820
4615802.000000 1817501.000000 2706.000000 -29.569020
4615802.000000 1818745.000000 2621.000000 -28.031330
4615802.000000 1819781.000000 2536.000000 -28.715580
4615802.000000 1821025.000000 2451.000000 -47.699250
4616704.000000 1800502.000000 2706.000000 -10.323820
4616704.000000 1801539.000000 2706.000000 -19.119610
4616704.000000 1802783.000000 2706.000000 -21.311450
4616704.000000 1803819.000000 2706.000000 -24.561220
4616704.000000 1805063.000000 2791.000000 -32.552480
4616704.000000 1806100.000000 2791.000000 -31.932510
4616704.000000 1807343.000000 2876.000000 -24.883850
4616704.000000 1808380.000000 2876.000000 -22.259430
4616704.000000 1809624.000000 3046.000000 -3.478209
4616704.000000 1810660.000000 2961.000000 -5.430322
4616704.000000 1811904.000000 3046.000000 -7.919862
4616704.000000 1812940.000000 3216.000000 -21.286280
4616704.000000 1814184.000000 3216.000000 -12.155310
4616704.000000 1815221.000000 3131.000000 -10.549900
4616704.000000 1816464.000000 2961.000000 -19.903970
4616704.000000 1817501.000000 2876.000000 0.511319
4616704.000000 1818745.000000 2706.000000 -30.662070
4616704.000000 1819781.000000 2621.000000 -32.676480
4616704.000000 1821025.000000 2536.000000 -48.895760
4617787.000000 1800502.000000 2791.000000 -12.821550
4617787.000000 1801539.000000 2706.000000 -18.872980
4617787.000000 1802783.000000 2791.000000 -24.905850
4617787.000000 1803819.000000 2791.000000 -31.124540
4617787.000000 1805063.000000 2791.000000 -24.616080
4617787.000000 1806100.000000 2791.000000 -25.309560
4617787.000000 1807343.000000 2876.000000 -27.318070
4617787.000000 1808380.000000 2961.000000 -4.864953
4617787.000000 1809624.000000 3046.000000 -3.886467
4617787.000000 1810660.000000 3216.000000 -3.829288
4617787.000000 1811904.000000 3386.000000 -4.846556
4617787.000000 1812940.000000 3386.000000 -8.769107
4617787.000000 1814184.000000 3386.000000 -18.955840
4617787.000000 1815221.000000 3386.000000 -18.986210
4617787.000000 1816464.000000 3131.000000 -15.992270
4617787.000000 1817501.000000 2961.000000 -24.047340
4617787.000000 1818745.000000 2706.000000 -14.906890
4617787.000000 1819781.000000 2791.000000 -33.136110
4617787.000000 1821025.000000 2621.000000 -56.102010
4618689.000000 1800502.000000 2876.000000 15.420430
4618689.000000 1801539.000000 2876.000000 -0.445908
4618689.000000 1802783.000000 2876.000000 -25.448760
4618689.000000 1803819.000000 2876.000000 -34.671040
4618689.000000 1805063.000000 2876.000000 -22.634880
4618689.000000 1806100.000000 2876.000000 -19.894690
4618689.000000 1807343.000000 3046.000000 -34.263480
4618689.000000 1808380.000000 3046.000000 -5.415300
4618689.000000 1809624.000000 3216.000000 -6.536965
4618689.000000 1810660.000000 3301.000000 -5.590502
4618689.000000 1811904.000000 3556.000000 -4.324056
4618689.000000 1812940.000000 3471.000000 -2.488034
4618689.000000 1814184.000000 3556.000000 -14.807530
4618689.000000 1815221.000000 3471.000000 -10.250160
4618689.000000 1816464.000000 3216.000000 -19.392000
4618689.000000 1817501.000000 3131.000000 -23.194530
4618689.000000 1818745.000000 3046.000000 -14.264030
4618689.000000 1819781.000000 2876.000000 -5.960589
4618689.000000 1821025.000000 2706.000000 -58.647070
4619772.000000 1800502.000000 2961.000000 17.479880
4619772.000000 1801539.000000 2961.000000 -5.555442
4619772.000000 1802783.000000 2876.000000 -25.071770
4619772.000000 1803819.000000 2961.000000 -37.790870
4619772.000000 1805063.000000 2961.000000 -36.293780
4619772.000000 1806100.000000 2961.000000 -15.629090
4619772.000000 1807343.000000 3046.000000 -6.454916
4619772.000000 1808380.000000 3131.000000 -7.552530
4619772.000000 1809624.000000 3386.000000 -11.093390
4619772.000000 1810660.000000 3386.000000 -1.097740
4619772.000000 1811904.000000 3556.000000 -2.767523
4619772.000000 1812940.000000 3726.000000 -0.596062
4619772.000000 1814184.000000 3471.000000 -4.701564
4619772.000000 1815221.000000 3471.000000 -8.303848
4619772.000000 1816464.000000 3386.000000 -20.234760
4619772.000000 1817501.000000 3216.000000 -10.230310
4619772.000000 1818745.000000 3131.000000 -34.096360
4619772.000000 1819781.000000 2961.000000 -32.574420
4619772.000000 1821025.000000 2791.000000 -61.560880
4620674.000000 1800502.000000 2961.000000 19.485030
4620674.000000 1801539.000000 2961.000000 -26.093200
4620674.000000 1802783.000000 2876.000000 -25.821680
4620674.000000 1803819.000000 3046.000000 -41.540780
4620674.000000 1805063.000000 2876.000000 -33.176760
4620674.000000 1806100.000000 3046.000000 -27.557890
4620674.000000 1807343.000000 3301.000000 -26.865110
4620674.000000 1808380.000000 3386.000000 -9.494941
4620674.000000 1809624.000000 3301.000000 -9.697826
4620674.000000 1810660.000000 3386.000000 -1.096723
4620674.000000 1811904.000000 3641.000000 -0.929571
4620674.000000 1812940.000000 3726.000000 -1.803351
4620674.000000 1814184.000000 3471.000000 7.942466
4620674.000000 1815221.000000 3726.000000 -1.827237
4620674.000000 1816464.000000 3471.000000 -17.946670
4620674.000000 1817708.000000 3301.000000 -23.899170
4620674.000000 1818745.000000 3131.000000 -22.580590
4620674.000000 1819781.000000 3131.000000 -14.359840
4620674.000000 1821025.000000 2791.000000 -50.922040
4621756.000000 1800502.000000 2961.000000 16.718540
4621756.000000 1801539.000000 2961.000000 -22.010550
4621756.000000 1802783.000000 3046.000000 -28.584180
4621756.000000 1803819.000000 3046.000000 -37.542480
4621756.000000 1805063.000000 2961.000000 -24.538010
4621756.000000 1806100.000000 2961.000000 -6.736590
4621756.000000 1807343.000000 3216.000000 -9.626601
4621756.000000 1808380.000000 3301.000000 -11.843790
4621756.000000 1809624.000000 3471.000000 -14.525590
4621756.000000 1810660.000000 3471.000000 -1.427989
4621756.000000 1811904.000000 3641.000000 2.073319
4621756.000000 1812940.000000 3811.000000 -4.289373
4621756.000000 1814184.000000 3811.000000 -0.437606
4621756.000000 1815221.000000 3726.000000 7.527191
4621756.000000 1816464.000000 3471.000000 -7.146485
4621756.000000 1817501.000000 3301.000000 -10.795220
4621756.000000 1818745.000000 3301.000000 -27.815320
4621756.000000 1819781.000000 3046.000000 -19.751610
4621756.000000 1821025.000000 2876.000000 -48.919610
4622658.000000 1800502.000000 2791.000000 -15.624290
4622658.000000 1801539.000000 2791.000000 -29.553060
4622658.000000 1802783.000000 2791.000000 -27.601580
4622658.000000 1803819.000000 2876.000000 -31.083510
4622658.000000 1805063.000000 3046.000000 -21.496040
4622658.000000 1806100.000000 3046.000000 2.722498
4622658.000000 1807343.000000 3216.000000 -5.007806
4622658.000000 1808380.000000 3301.000000 -5.981586
4622658.000000 1809624.000000 3386.000000 -11.923950
4622658.000000 1810660.000000 3641.000000 -8.270621
4622658.000000 1811904.000000 3641.000000 -0.733864
4622658.000000 1812940.000000 3896.000000 -34.102140
4622658.000000 1814184.000000 4151.000000 1.934196
4622658.000000 1815221.000000 3981.000000 5.349802
4622658.000000 1816464.000000 3641.000000 0.973203
4622658.000000 1817501.000000 3471.000000 -18.355690
4622658.000000 1818745.000000 3216.000000 -15.067140
4622658.000000 1819781.000000 3046.000000 -17.268590
4622658.000000 1821025.000000 2876.000000 -53.438240
4623741.000000 1800502.000000 2876.000000 -14.307710
4623741.000000 1801539.000000 2876.000000 -26.921820
4623741.000000 1802783.000000 2961.000000 -25.193590
4623741.000000 1803819.000000 2876.000000 -10.965170
4623741.000000 1805063.000000 3046.000000 -23.228150
4623741.000000 1806100.000000 3216.000000 -31.100430
4623741.000000 1807343.000000 3216.000000 -3.252390
4623741.000000 1808380.000000 3471.000000 -4.632541
4623741.000000 1809624.000000 3641.000000 -33.959660
4623741.000000 1810660.000000 3726.000000 -20.448580
4623741.000000 1811904.000000 3896.000000 -23.094280
4623741.000000 1812940.000000 3981.000000 -40.927400
4623741.000000 1814184.000000 3811.000000 0.899408
4623741.000000 1815221.000000 3811.000000 -5.794376
4623741.000000 1816464.000000 3556.000000 -10.848480
4623741.000000 1817501.000000 3301.000000 -8.612205
4623741.000000 1818745.000000 3131.000000 -9.926431
4623741.000000 1819781.000000 3046.000000 -23.658960
4623741.000000 1821025.000000 2876.000000 -49.057740
4624643.000000 1800502.000000 2961.000000 14.796900
4624643.000000 1801539.000000 2961.000000 -32.096350
4624643.000000 1802783.000000 2961.000000 -24.109730
4624643.000000 1803819.000000 2961.000000 -21.822880
4624643.000000 1805063.000000 3131.000000 -26.679700
4624643.000000 1806100.000000 3131.000000 -3.475152
4624643.000000 1807343.000000 3301.000000 -6.747275
4624643.000000 1808380.000000 3386.000000 -1.966186
4624643.000000 1809624.000000 3726.000000 -35.191580
4624643.000000 1810660.000000 3896.000000 -4.715474
4624643.000000 1811904.000000 3981.000000 2.692495
4624643.000000 1812940.000000 3811.000000 -21.806110
4624643.000000 1814184.000000 3641.000000 4.511318
4624643.000000 1815221.000000 3641.000000 -13.603480
4624643.000000 1816464.000000 3471.000000 -19.426360
4624643.000000 1817501.000000 3301.000000 -23.934260
4624643.000000 1818745.000000 3216.000000 -33.095740
4624643.000000 1819781.000000 3046.000000 -24.918060
4624643.000000 1821025.000000 2876.000000 -37.561210
4625726.000000 1800502.000000 2876.000000 -8.762572
4625726.000000 1801539.000000 2876.000000 -22.734010
4625726.000000 1802783.000000 2876.000000 -24.423750
4625726.000000 1803819.000000 2961.000000 -20.821040
4625726.000000 1805063.000000 2961.000000 -32.168330
4625726.000000 1806100.000000 3216.000000 -17.843330
4625726.000000 1807343.000000 3301.000000 -33.889420
4625726.000000 1808380.000000 3556.000000 -18.444590
4625726.000000 1809624.000000 3811.000000 -5.987933
4625726.000000 1810660.000000 3896.000000 -2.141723
4625726.000000 1811904.000000 3896.000000 -2.778332
4625726.000000 1812940.000000 3811.000000 -2.493880
4625726.000000 1814184.000000 3641.000000 -12.463190
4625726.000000 1815221.000000 3471.000000 -16.504030
4625726.000000 1816464.000000 3301.000000 -16.816770
4625726.000000 1817501.000000 3216.000000 -23.808000
4625726.000000 1818745.000000 3131.000000 -15.246440
4625726.000000 1819781.000000 3046.000000 -20.856600
4625726.000000 1821025.000000 3046.000000 -65.771200
4626628.000000 1800502.000000 2876.000000 15.126140
4626628.000000 1801539.000000 2791.000000 -23.819710
4626628.000000 1802783.000000 2791.000000 -24.038870
4626628.000000 1803819.000000 2876.000000 -21.701140
4626628.000000 1805063.000000 3131.000000 -22.616880
4626628.000000 1806100.000000 3216.000000 -11.190730
4626628.000000 1807343.000000 3471.000000 10.334810
4626628.000000 1808380.000000 3641.000000 4.436270
4626628.000000 1809624.000000 4151.000000 0.452060
4626628.000000 1810660.000000 3811.000000 -5.615622
4626628.000000 1811904.000000 3726.000000 -4.094800
4626628.000000 1812940.000000 3641.000000 -21.729100
4626628.000000 1814184.000000 3556.000000 -18.635530
4626628.000000 1815221.000000 3386.000000 -5.410054
4626628.000000 1816464.000000 3216.000000 -11.041420
4626628.000000 1817501.000000 3131.000000 -14.775140
4626628.000000 1818745.000000 3046.000000 -15.458500
4626628.000000 1819781.000000 3046.000000 -25.031580
4626628.000000 1821025.000000 2961.000000 -44.948390
4627710.000000 1800502.000000 2791.000000 11.016740
4627710.000000 1801539.000000 2706.000000 -12.471280
4627710.000000 1802783.000000 2876.000000 -20.775820
4627710.000000 1803819.000000 2961.000000 -18.769990
4627710.000000 1805063.000000 2876.000000 -19.838480
4627710.000000 1806100.000000 2961.000000 -15.165340
4627710.000000 1807343.000000 3301.000000 -14.605770
4627710.000000 1808380.000000 3556.000000 1.318019
4627710.000000 1809624.000000 3726.000000 2.396051
4627710.000000 1810660.000000 3811.000000 -1.219295
4627710.000000 1811904.000000 3556.000000 10.168740
4627710.000000 1812940.000000 3556.000000 -0.305527
4627710.000000 1814184.000000 3386.000000 -12.334970
4627710.000000 1815221.000000 3301.000000 -13.610240
4627710.000000 1816464.000000 3131.000000 -6.587319
4627710.000000 1817501.000000 3131.000000 -14.127430
4627710.000000 1818745.000000 3046.000000 -14.831940
4627710.000000 1819781.000000 3046.000000 -16.907050
4627710.000000 1821025.000000 3046.000000 -46.663980
