928290.000000 607180.000000 3306.600000 -12.202000
937620.000000 615670.000000 3387.200000 2.223000
938010.000000 600200.000000 3548.400000 -18.206000
924800.000000 617420.000000 3306.600000 -16.975000
923440.000000 600440.000000 3387.200000 -9.399900
936260.000000 609930.000000 3226.000000 -7.548600
931010.000000 599700.000000 3306.600000 -7.073700
931790.000000 618420.000000 3064.800000 -6.977100
925180.000000 611680.000000 3306.600000 -1.732300
936840.000000 603690.000000 3387.200000 -17.131000
928100.000000 614670.000000 3870.800000 -20.030000
921880.000000 609180.000000 3306.600000 -7.987100
931990.000000 611680.000000 3709.600000 -15.339000
927710.000000 601940.000000 3226.000000 -3.226400
936260.000000 620660.000000 2823.000000 9.341500
937430.000000 598200.000000 3387.200000 -17.250000
937620.000000 606430.000000 3145.400000 -11.518000
927130.000000 598700.000000 3226.000000 -1.595000
931210.000000 605190.000000 3226.000000 -12.754000
922850.000000 603190.000000 3629.000000 -18.370000
928290.000000 620410.000000 3629.000000 -19.548000
938400.000000 612920.000000 3306.600000 -2.471800
933740.000000 614420.000000 3548.400000 -6.264200
922850.000000 615420.000000 3064.800000 -12.387000
939180.000000 618170.000000 3306.600000 4.674500
933350.000000 600940.000000 3306.600000 -13.418000
922660.000000 596700.000000 3306.600000 -2.797200
924210.000000 619660.000000 3548.400000 -21.008000
933930.000000 607180.000000 3226.000000 -11.781000
939370.000000 609680.000000 3145.400000 -6.531400
933350.000000 596700.000000 3387.200000 -10.845000
929070.000000 611680.000000 3951.400000 -20.249000
926350.000000 606680.000000 3306.600000 -13.840000
938980.000000 602940.000000 3629.000000 -16.954000
928290.000000 618170.000000 3548.400000 -21.690000
934710.000000 617170.000000 3226.000000 0.396910
922460.000000 613170.000000 2823.000000 -8.116500
930820.000000 614920.000000 3629.000000 -13.353000
931400.000000 608430.000000 3387.200000 -13.554000
921490.000000 607180.000000 3548.400000 -11.672000
940150.000000 597700.000000 3306.600000 -12.875000
932960.000000 603190.000000 3226.000000 -15.443000
921690.000000 619410.000000 3790.200000 -19.007000
929270.000000 603690.000000 3226.000000 -9.493000
933350.000000 620660.000000 2903.600000 0.306120
924410.000000 607680.000000 3306.600000 -13.729000
925570.000000 597950.000000 3226.000000 -4.984200
927520.000000 605190.000000 3306.600000 -12.122000
937230.000000 618910.000000 3145.400000 1.666100
926740.000000 610180.000000 3467.800000 -12.196000
923630.000000 605190.000000 3467.800000 -17.709000
931600.000000 597950.000000 3306.600000 -6.695300
940150.000000 606190.000000 3226.000000 -8.234300
936260.000000 601690.000000 3306.600000 -11.715000
928880.000000 596450.000000 3387.200000 -3.022600
922660.000000 598700.000000 3387.200000 -6.037300
929070.000000 619160.000000 3467.800000 -19.849000
936460.000000 612920.000000 3387.200000 -7.561200
934510.000000 604440.000000 3226.000000 -14.754000
940150.000000 619660.000000 3629.000000 -3.766100
931990.000000 616420.000000 3548.400000 -10.534000
934900.000000 599450.000000 3306.600000 -12.568000
924990.000000 615420.000000 3306.600000 -11.807000
935100.000000 610930.000000 3306.600000 -10.347000
939950.000000 614670.000000 3387.200000 -1.270900
928290.000000 600940.000000 3226.000000 -1.345200
926160.000000 620410.000000 3548.400000 -20.124000
940150.000000 599950.000000 3548.400000 -15.460000
925570.000000 600940.000000 3226.000000 -6.355500
931010.000000 619660.000000 3387.200000 -15.673000
929270.000000 598700.000000 3306.600000 -0.923000
929850.000000 602190.000000 3226.000000 -10.029000
938010.000000 597450.000000 3306.600000 -15.382000
925960.000000 605440.000000 3306.600000 -15.003000
922270.000000 617420.000000 3306.600000 -15.827000
924990.000000 602440.000000 3306.600000 -13.393000
928880.000000 609180.000000 3467.800000 -16.076000
934710.000000 619660.000000 2984.200000 3.174300
936650.000000 608180.000000 3145.400000 -7.321100
930240.000000 617170.000000 3548.400000 -18.459000
926350.000000 613420.000000 3548.400000 -8.964300
936650.000000 615420.000000 3306.600000 3.022400
923240.000000 611430.000000 3064.800000 -4.314000
932570.000000 598450.000000 3306.600000 -7.704700
924210.000000 609930.000000 3226.000000 -7.163800
940150.000000 612420.000000 3226.000000 -1.822000
932380.000000 609930.000000 3387.200000 -13.073000
931600.000000 601190.000000 3226.000000 -9.580000
930630.000000 612920.000000 3790.200000 -15.065000
927320.000000 616420.000000 3629.000000 -21.115000
937430.000000 610930.000000 3226.000000 -7.141500
935870.000000 605440.000000 3226.000000 -14.057000
938590.000000 617420.000000 3387.200000 3.836700
935680.000000 596950.000000 3306.600000 -13.818000
931600.000000 606190.000000 3226.000000 -12.487000
923820.000000 597200.000000 3306.600000 -3.432500
938400.000000 619660.000000 3226.000000 4.717400
925180.000000 603690.000000 3306.600000 -14.496000
935100.000000 603440.000000 3226.000000 -14.238000
939950.000000 604190.000000 3467.800000 -12.742000
934510.000000 616170.000000 3467.800000 -4.303300
929650.000000 606190.000000 3306.600000 -13.341000
930820.000000 611430.000000 3709.600000 -17.797000
921490.000000 600440.000000 3709.600000 -12.037000
927320.000000 610930.000000 3548.400000 -12.242000
921690.000000 611180.000000 2903.600000 -5.668600
940150.000000 608430.000000 3145.400000 -8.095700
921690.000000 601690.000000 3790.200000 -15.089000
929850.000000 615170.000000 3629.000000 -14.917000
924210.000000 613170.000000 3064.800000 -8.940300
921690.000000 614670.000000 2903.600000 -8.719900
921690.000000 604690.000000 3790.200000 -17.324000
934900.000000 607930.000000 3226.000000 -9.421300
932570.000000 614420.000000 3709.600000 -11.902000
932760.000000 608430.000000 3306.600000 -12.018000
929850.000000 596700.000000 3306.600000 -1.933700
921690.000000 598200.000000 3467.800000 -5.951900
926550.000000 617920.000000 3387.200000 -20.062000
932760.000000 619410.000000 2903.600000 -1.466300
938400.000000 608430.000000 3145.400000 -6.575500
923240.000000 607180.000000 3387.200000 -13.844000
926350.000000 596700.000000 3226.000000 -3.489800
925960.000000 598950.000000 3226.000000 -3.932800
928490.000000 603440.000000 3226.000000 -7.185900
931210.000000 602190.000000 3226.000000 -11.406000
930430.000000 609930.000000 3548.400000 -18.199000
926350.000000 608930.000000 3387.200000 -14.696000
939180.000000 601940.000000 3467.800000 -15.142000
939570.000000 611680.000000 3226.000000 -3.425700
933350.000000 612920.000000 3709.600000 -12.990000
935480.000000 598700.000000 3306.600000 -13.816000
927320.000000 613170.000000 3790.200000 -13.306000
936840.000000 617420.000000 3145.400000 3.785500
940340.000000 617170.000000 3548.400000 -2.076400
928290.000000 597950.000000 3306.600000 -0.201240
939570.000000 597200.000000 3306.600000 -14.501000
939370.000000 605190.000000 3306.600000 -13.874000
924600.000000 599200.000000 3306.600000 -4.409000
938210.000000 601940.000000 3467.800000 -14.980000
934710.000000 606680.000000 3226.000000 -10.787000
923440.000000 616420.000000 3064.800000 -11.185000
933930.000000 617920.000000 3145.400000 1.186900
935290.000000 601190.000000 3306.600000 -14.164000
937040.000000 614670.000000 3387.200000 -0.923680
934510.000000 612180.000000 3467.800000 -10.276000
937820.000000 604440.000000 3387.200000 -17.242000
936840.000000 600200.000000 3306.600000 -14.017000
932960.000000 604440.000000 3226.000000 -14.778000
940150.000000 598700.000000 3387.200000 -14.084000
934320.000000 598700.000000 3306.600000 -11.894000
935680.000000 614920.000000 3387.200000 -2.551600
927320.000000 600690.000000 3226.000000 -1.228400
929070.000000 614170.000000 3709.600000 -15.908000
929070.000000 599950.000000 3226.000000 -3.923100
928680.000000 616670.000000 3709.600000 -23.032000
924410.000000 614170.000000 3064.800000 -10.127000
932960.000000 611180.000000 3548.400000 -14.154000
930430.000000 607680.000000 3387.200000 -13.914000
922460.000000 619910.000000 3790.200000 -21.776000
934320.000000 620660.000000 3064.800000 0.303860
930430.000000 603690.000000 3226.000000 -12.219000
921490.000000 616670.000000 3306.600000 -13.569000
934510.000000 608930.000000 3306.600000 -11.629000
939180.000000 615420.000000 3467.800000 -0.516440
936840.000000 605690.000000 3145.400000 -12.883000
932960.000000 616170.000000 3629.000000 -7.226900
933540.000000 606430.000000 3226.000000 -12.596000
930240.000000 620410.000000 3306.600000 -14.072000
922270.000000 618420.000000 3629.000000 -20.315000
927320.000000 607180.000000 3306.600000 -14.857000
928680.000000 610430.000000 3629.000000 -17.197000
924410.000000 606430.000000 3306.600000 -14.057000
925570.000000 617170.000000 3306.600000 -16.884000
925770.000000 618420.000000 3387.200000 -20.379000
924210.000000 608930.000000 3306.600000 -10.088000
925960.000000 612180.000000 3548.400000 -6.482200
921690.000000 609930.000000 3064.800000 -7.062200
923440.000000 614670.000000 2903.600000 -9.446500
931210.000000 596450.000000 3306.600000 -6.022600
930820.000000 616170.000000 3387.200000 -12.338000
926930.000000 614420.000000 3709.600000 -15.121000
934900.000000 602190.000000 3306.600000 -15.229000
930820.000000 618420.000000 3387.200000 -16.342000
925180.000000 610680.000000 3306.600000 -4.072800
929270.000000 605190.000000 3306.600000 -12.365000
934120.000000 611180.000000 3467.800000 -13.411000
931990.000000 604440.000000 3226.000000 -14.243000
934710.000000 596450.000000 3306.600000 -9.498700
921690.000000 603440.000000 3709.600000 -15.355000
932570.000000 600440.000000 3306.600000 -12.071000
938980.000000 597950.000000 3306.600000 -15.177000
926550.000000 602690.000000 3226.000000 -9.678700
935290.000000 618170.000000 3145.400000 0.834510
935290.000000 620410.000000 2903.600000 7.499500
922080.000000 605440.000000 3790.200000 -18.215000
938210.000000 618660.000000 3306.600000 2.484400
923050.000000 609430.000000 3306.600000 -6.533700
924600.000000 601440.000000 3387.200000 -12.114000
940150.000000 602440.000000 3629.000000 -13.546000
935480.000000 611930.000000 3467.800000 -11.377000
923240.000000 610430.000000 3145.400000 -5.709700
927320.000000 619660.000000 3467.800000 -21.583000
931990.000000 613170.000000 3790.200000 -14.820000
939760.000000 620660.000000 3548.400000 -1.546200
923240.000000 618420.000000 3387.200000 -18.585000
936840.000000 611930.000000 3306.600000 -7.481600
936260.000000 596450.000000 3387.200000 -13.056000
926160.000000 614920.000000 3467.800000 -11.639000
927130.000000 597450.000000 3306.600000 -4.901600
938210.000000 598950.000000 3387.200000 -17.245000
928100.000000 599950.000000 3226.000000 -3.570400
923820.000000 597950.000000 3306.600000 -3.048200
924410.000000 603440.000000 3387.200000 -16.203000
940150.000000 613670.000000 3306.600000 -0.743620
936460.000000 606680.000000 3145.400000 -10.268000
940340.000000 610930.000000 3145.400000 -3.503000
923440.000000 619910.000000 3629.000000 -21.666000
938400.000000 609430.000000 3145.400000 -6.277600
937230.000000 620660.000000 2984.200000 8.000400
921690.000000 612420.000000 2823.000000 -6.475000
930630.000000 600690.000000 3226.000000 -8.638400
935480.000000 616170.000000 3226.000000 0.116880
936460.000000 599200.000000 3387.200000 -16.111000
933150.000000 602190.000000 3226.000000 -14.917000
938590.000000 606930.000000 3145.400000 -9.479900
921690.000000 596450.000000 3387.200000 -3.896800
933930.000000 599950.000000 3306.600000 -13.150000
921690.000000 602690.000000 3709.600000 -15.545000
925180.000000 608680.000000 3306.600000 -12.652000
936650.000000 609180.000000 3226.000000 -8.216600
927910.000000 609930.000000 3548.400000 -16.590000
929460.000000 612920.000000 3951.400000 -17.745000
925960.000000 615920.000000 3467.800000 -15.627000
937820.000000 602690.000000 3467.800000 -15.751000
937230.000000 613670.000000 3387.200000 -3.907700
932180.000000 599200.000000 3306.600000 -8.779500
924020.000000 618660.000000 3387.200000 -19.882000
932760.000000 607430.000000 3306.600000 -14.176000
928100.000000 612420.000000 3870.800000 -17.581000
938010.000000 614920.000000 3467.800000 -1.927200
928490.000000 602690.000000 3226.000000 -5.037400
933350.000000 610180.000000 3387.200000 -13.856000
931790.000000 597200.000000 3387.200000 -8.209500
936260.000000 618420.000000 3145.400000 -0.501280
924990.000000 620660.000000 3548.400000 -17.468000
923820.000000 602690.000000 3629.000000 -18.230000
924800.000000 604690.000000 3306.600000 -15.025000
926550.000000 601440.000000 3226.000000 -6.008500
929850.000000 618420.000000 3629.000000 -20.998000
922660.000000 608430.000000 3387.200000 -10.688000
926350.000000 607680.000000 3306.600000 -14.289000
930040.000000 598450.000000 3306.600000 -4.056300
922660.000000 601190.000000 3548.400000 -12.361000
931790.000000 615170.000000 3790.200000 -14.586000
926160.000000 600200.000000 3226.000000 -3.549200
926160.000000 611180.000000 3467.800000 -4.176600
937820.000000 611930.000000 3306.600000 -5.784900
922660.000000 597700.000000 3387.200000 -5.090600
930240.000000 604690.000000 3226.000000 -13.042000
924600.000000 596450.000000 3226.000000 -2.481200
938210.000000 613920.000000 3387.200000 -1.324700
931010.000000 609430.000000 3467.800000 -16.306000
928880.000000 615420.000000 3870.800000 -22.455000
931400.000000 620660.000000 3226.000000 -11.518000
925180.000000 612920.000000 3306.600000 -3.461500
922660.000000 601940.000000 3629.000000 -16.470000
931210.000000 610430.000000 3629.000000 -19.042000
929650.000000 610430.000000 3629.000000 -18.487000
931990.000000 603690.000000 3226.000000 -14.814000
935290.000000 609680.000000 3306.600000 -9.626400
930040.000000 608680.000000 3467.800000 -16.429000
927910.000000 606190.000000 3306.600000 -12.898000
925570.000000 619660.000000 3467.800000 -20.368000
925570.000000 609680.000000 3306.600000 -9.829700
926740.000000 604190.000000 3226.000000 -11.552000
940150.000000 607430.000000 3145.400000 -8.623100
927130.000000 609180.000000 3387.200000 -14.736000
936070.000000 610930.000000 3306.600000 -9.935200
938400.000000 610180.000000 3226.000000 -7.236500
927130.000000 620660.000000 3548.400000 -17.744000
938790.000000 605690.000000 3226.000000 -13.302000
922460.000000 616420.000000 3145.400000 -13.588000
931790.000000 607430.000000 3306.600000 -12.704000
936260.000000 619660.000000 2984.200000 3.527200
932960.000000 605440.000000 3226.000000 -14.229000
935870.000000 602690.000000 3306.600000 -11.572000
927710.000000 615670.000000 3709.600000 -20.915000
925380.000000 606430.000000 3306.600000 -14.482000
922270.000000 606680.000000 3629.000000 -15.525000
923630.000000 606430.000000 3387.200000 -14.677000
940150.000000 609680.000000 3145.400000 -6.838200
937620.000000 609180.000000 3226.000000 -8.192800
922460.000000 611930.000000 3064.800000 -4.135300
928290.000000 598700.000000 3306.600000 -0.631330
932570.000000 617420.000000 3467.800000 -8.354000
923630.000000 603940.000000 3467.800000 -16.845000
929650.000000 616420.000000 3709.600000 -20.996000
935680.000000 600200.000000 3306.600000 -14.319000
937230.000000 605190.000000 3226.000000 -15.111000
934900.000000 614170.000000 3467.800000 -6.258800
933740.000000 615420.000000 3467.800000 -0.747800
940340.000000 601190.000000 3709.600000 -14.359000
930820.000000 606930.000000 3306.600000 -12.756000
924020.000000 615420.000000 3145.400000 -11.855000
940150.000000 618420.000000 3387.200000 0.109850
929070.000000 601690.000000 3226.000000 -5.354500
922660.000000 603940.000000 3548.400000 -16.866000
924210.000000 600200.000000 3306.600000 -6.923300
932380.000000 601440.000000 3226.000000 -12.118000
929270.000000 620660.000000 3467.800000 -16.352000
938210.000000 601190.000000 3387.200000 -15.189000
924020.000000 620660.000000 3709.600000 -18.671000
929270.000000 597450.000000 3306.600000 -0.191730
939570.000000 616420.000000 3548.400000 -1.012900
922460.000000 614420.000000 2742.400000 -9.719900
933740.000000 603940.000000 3226.000000 -15.476000
927320.000000 596450.000000 3387.200000 -5.048200
921690.000000 597200.000000 3387.200000 -3.471800
934510.000000 600690.000000 3306.600000 -14.105000
937230.000000 601940.000000 3387.200000 -12.866000
931210.000000 612180.000000 3790.200000 -15.739000
926930.000000 612180.000000 3709.600000 -11.659000
927910.000000 608680.000000 3387.200000 -15.665000
930240.000000 613920.000000 3709.600000 -13.280000
937430.000000 596450.000000 3306.600000 -12.878000
924210.000000 610930.000000 3226.000000 -4.170300
926740.000000 615670.000000 3629.000000 -18.364000
935680.000000 607430.000000 3226.000000 -9.752800
939180.000000 619160.000000 3306.600000 3.811900
931210.000000 602940.000000 3226.000000 -12.081000
934510.000000 618660.000000 3064.800000 1.809900
931210.000000 617170.000000 3226.000000 -9.710100
921690.000000 615420.000000 3064.800000 -10.531000
925180.000000 614670.000000 3306.600000 -10.695000
935480.000000 604440.000000 3226.000000 -14.805000
926550.000000 617170.000000 3467.800000 -19.665000
921690.000000 599200.000000 3548.400000 -8.275000
921490.000000 617920.000000 3387.200000 -14.836000
936650.000000 616420.000000 3226.000000 4.839900
927320.000000 603190.000000 3226.000000 -9.810700
934120.000000 602940.000000 3226.000000 -15.760000
936840.000000 600940.000000 3306.600000 -13.146000
940340.000000 604940.000000 3306.600000 -7.241500
928880.000000 608180.000000 3387.200000 -14.589000
929070.000000 617670.000000 3548.400000 -20.139000
939370.000000 606430.000000 3145.400000 -9.403900
933540.000000 609180.000000 3306.600000 -11.804000
932180.000000 609180.000000 3387.200000 -12.098000
930040.000000 599950.000000 3306.600000 -6.912800
925180.000000 599950.000000 3306.600000 -6.328900
933740.000000 619910.000000 2984.200000 1.973800
939180.000000 612420.000000 3306.600000 -3.495500
931400.000000 613920.000000 3790.200000 -15.294000
939180.000000 620410.000000 3387.200000 1.919800
934320.000000 609930.000000 3306.600000 -11.974000
928490.000000 604690.000000 3226.000000 -8.724000
939950.000000 603440.000000 3548.400000 -13.625000
939180.000000 599200.000000 3387.200000 -16.186000
938210.000000 620660.000000 3226.000000 5.147000
935870.000000 603690.000000 3306.600000 -15.139000
932760.000000 618170.000000 3387.200000 -7.454900
937620.000000 616670.000000 3306.600000 6.616100
934900.000000 597700.000000 3306.600000 -13.457000
926930.000000 605940.000000 3306.600000 -13.362000
925380.000000 607680.000000 3306.600000 -14.151000
935680.000000 617170.000000 3226.000000 0.465560
938980.000000 614420.000000 3387.200000 -0.395720
934710.000000 605690.000000 3226.000000 -12.288000
932570.000000 612420.000000 3790.200000 -14.986000
939180.000000 608430.000000 3145.400000 -8.264800
924800.000000 597200.000000 3226.000000 -3.073900
937620.000000 617920.000000 3306.600000 1.471200
921690.000000 608430.000000 3226.000000 -6.659300
929460.000000 607180.000000 3306.600000 -12.170000
931990.000000 619660.000000 2984.200000 -5.496400
938010.000000 607430.000000 3145.400000 -8.063300
938790.000000 596450.000000 3306.600000 -12.650000
927320.000000 618420.000000 3467.800000 -21.448000
922660.000000 599700.000000 3467.800000 -8.938500
933930.000000 605190.000000 3226.000000 -13.620000
931210.000000 598700.000000 3306.600000 -7.237300
934710.000000 615170.000000 3387.200000 -1.949800
926350.000000 597950.000000 3226.000000 -5.714100
922660.000000 619160.000000 3709.600000 -22.456000
934120.000000 613420.000000 3629.000000 -11.999000
923440.000000 617670.000000 3306.600000 -17.536000
934900.000000 612920.000000 3467.800000 -9.360400
924990.000000 616170.000000 3145.400000 -10.664000
935680.000000 608680.000000 3226.000000 -8.644000
932380.000000 620410.000000 3064.800000 -5.788000
938790.000000 604190.000000 3467.800000 -16.190000
922660.000000 605940.000000 3629.000000 -17.346000
932960.000000 613670.000000 3790.200000 -13.465000
935680.000000 606190.000000 3226.000000 -12.188000
930040.000000 611180.000000 3709.600000 -18.006000
939370.000000 600940.000000 3467.800000 -15.385000
922460.000000 610680.000000 3226.000000 -4.147400
934120.000000 601690.000000 3306.600000 -15.110000
938400.000000 611430.000000 3226.000000 -4.257900
928100.000000 619160.000000 3467.800000 -21.981000
923240.000000 613670.000000 3145.400000 -11.677000
929650.000000 600940.000000 3226.000000 -7.655800
924210.000000 612180.000000 3306.600000 -3.805800
924800.000000 605440.000000 3306.600000 -16.510000
932760.000000 615170.000000 3790.200000 -11.906000
928680.000000 613170.000000 3870.800000 -18.500000
929460.000000 609680.000000 3548.400000 -17.734000
923630.000000 599200.000000 3306.600000 -4.812700
921690.000000 613670.000000 2823.000000 -8.636300
926350.000000 619160.000000 3387.200000 -20.268000
927710.000000 604190.000000 3226.000000 -10.269000
924990.000000 619160.000000 3387.200000 -20.564000
933930.000000 607930.000000 3226.000000 -11.054000
940340.000000 615670.000000 3467.800000 -0.382550
934120.000000 597200.000000 3306.600000 -10.632000
932180.000000 602440.000000 3226.000000 -13.089000
922660.000000 620660.000000 3709.600000 -16.941000
938590.000000 616170.000000 3467.800000 2.203400
924600.000000 598450.000000 3306.600000 -4.835500
925770.000000 604690.000000 3306.600000 -15.373000
937430.000000 619660.000000 3145.400000 3.337900
933540.000000 618910.000000 3226.000000 -2.736700
925570.000000 613920.000000 3467.800000 -10.324000
929850.000000 602940.000000 3226.000000 -10.214000
921690.000000 620660.000000 3709.600000 -14.685000
922850.000000 604940.000000 3548.400000 -17.146000
923440.000000 608180.000000 3387.200000 -12.220000
936460.000000 604690.000000 3226.000000 -15.526000
921490.000000 605940.000000 3790.200000 -15.165000
933540.000000 597950.000000 3306.600000 -11.257000
939370.000000 610680.000000 3226.000000 -5.935200
937040.000000 607430.000000 3145.400000 -8.007200
939570.000000 617420.000000 3467.800000 0.899580
933740.000000 616920.000000 3387.200000 -2.072800
937430.000000 599200.000000 3387.200000 -15.803000
930240.000000 619160.000000 3387.200000 -16.810000
932760.000000 597700.000000 3387.200000 -10.412000
925770.000000 601940.000000 3306.600000 -10.773000
927130.000000 599700.000000 3226.000000 0.109550
940340.000000 620410.000000 3548.400000 -2.692000
937820.000000 603440.000000 3387.200000 -15.781000
930430.000000 605940.000000 3306.600000 -12.908000
925960.000000 603440.000000 3226.000000 -12.180000
928100.000000 611180.000000 3709.600000 -15.931000
932570.000000 596450.000000 3306.600000 -7.146600
930820.000000 597200.000000 3306.600000 -4.570100
936260.000000 597950.000000 3387.200000 -16.031000
938010.000000 605190.000000 3306.600000 -16.192000
935680.000000 613170.000000 3387.200000 -7.215300
923630.000000 601440.000000 3467.800000 -14.313000
933540.000000 611930.000000 3548.400000 -11.518000
924800.000000 618170.000000 3226.000000 -17.325000
931990.000000 610930.000000 3629.000000 -17.047000
925570.000000 596700.000000 3226.000000 -4.054600
936260.000000 614170.000000 3467.800000 -5.271000
927320.000000 607930.000000 3387.200000 -15.364000
930430.000000 599200.000000 3306.600000 -5.845200
928100.000000 596700.000000 3387.200000 -4.259100
931210.000000 604190.000000 3226.000000 -13.255000
937620.000000 608180.000000 3145.400000 -7.816000
923240.000000 612670.000000 3064.800000 -6.429900
939370.000000 613420.000000 3306.600000 -1.775100
922080.000000 600440.000000 3548.400000 -10.978000
933150.000000 599200.000000 3306.600000 -11.390000
940150.000000 596450.000000 3306.600000 -10.795000
930040.000000 611930.000000 3790.200000 -17.146000
937430.000000 612670.000000 3387.200000 -5.574400
930430.000000 601440.000000 3226.000000 -10.050000
937040.000000 597200.000000 3306.600000 -14.289000
938980.000000 600200.000000 3467.800000 -17.066000
927910.000000 613920.000000 3790.200000 -17.917000
931600.000000 600200.000000 3306.600000 -10.010000
927710.000000 617170.000000 3629.000000 -22.705000
936840.000000 602690.000000 3387.200000 -15.186000
932180.000000 605190.000000 3226.000000 -14.160000
935680.000000 619160.000000 3064.800000 1.475600
929460.000000 619910.000000 3387.200000 -17.644000
932570.000000 606430.000000 3226.000000 -13.803000
937230.000000 609930.000000 3226.000000 -7.353700
930240.000000 597950.000000 3306.600000 -3.754100
928680.000000 605940.000000 3306.600000 -11.545000
922080.000000 607680.000000 3548.400000 -13.927000
939370.000000 607680.000000 3145.400000 -8.529400
923630.000000 596450.000000 3306.600000 -3.656600
924210.000000 616920.000000 3226.000000 -13.990000
