921300.000000 596200.000000 3387.200000 1.811200
921300.000000 597450.000000 3387.200000 3.489400
921300.000000 598450.000000 3467.800000 4.626100
921300.000000 599700.000000 3629.000000 6.855300
921300.000000 600940.000000 3709.600000 7.082800
921300.000000 602190.000000 3790.200000 9.148900
921300.000000 603190.000000 3629.000000 7.418600
921300.000000 604440.000000 3790.200000 9.883100
921300.000000 605690.000000 3790.200000 8.793100
921300.000000 606680.000000 3709.600000 7.418800
921300.000000 607930.000000 3387.200000 2.466000
921300.000000 609180.000000 3145.400000 -1.824900
921300.000000 610430.000000 3226.000000 -0.402230
921300.000000 611430.000000 2823.000000 -3.443200
921300.000000 612670.000000 2742.400000 -2.354500
921300.000000 613920.000000 2823.000000 0.475780
921300.000000 614920.000000 2903.600000 0.029535
921300.000000 616170.000000 3226.000000 6.004500
921300.000000 617420.000000 3306.600000 9.010700
921300.000000 618660.000000 3548.400000 12.008000
921300.000000 619660.000000 3709.600000 13.153000
921300.000000 620910.000000 3548.400000 8.318600
922270.000000 596200.000000 3306.600000 2.157800
922270.000000 597450.000000 3387.200000 4.970300
922270.000000 598450.000000 3387.200000 5.506600
922270.000000 599700.000000 3467.800000 6.635000
922270.000000 600940.000000 3629.000000 9.942300
922270.000000 602190.000000 3709.600000 12.537000
922270.000000 603190.000000 3629.000000 10.942000
922270.000000 604440.000000 3548.400000 9.201500
922270.000000 605690.000000 3709.600000 11.713000
922270.000000 606680.000000 3629.000000 10.259000
922270.000000 607930.000000 3467.800000 5.757000
922270.000000 609180.000000 3306.600000 -1.519700
922270.000000 610430.000000 3064.800000 -2.969700
922270.000000 611430.000000 3145.400000 0.532210
922270.000000 612670.000000 2903.600000 -0.568960
922270.000000 613920.000000 2984.200000 0.786660
922270.000000 614920.000000 2903.600000 0.909450
922270.000000 616170.000000 3145.400000 5.144300
922270.000000 617420.000000 3306.600000 11.410000
922270.000000 618660.000000 3709.600000 19.360000
922270.000000 619660.000000 3870.800000 21.891000
922270.000000 620910.000000 3548.400000 11.999000
923050.000000 596200.000000 3306.600000 1.195100
923050.000000 597450.000000 3306.600000 1.588800
923050.000000 598450.000000 3306.600000 1.471800
923050.000000 599700.000000 3387.200000 4.739100
923050.000000 600940.000000 3467.800000 8.124600
923050.000000 602190.000000 3548.400000 9.037600
923050.000000 603190.000000 3548.400000 10.139000
923050.000000 604440.000000 3387.200000 5.300700
923050.000000 605690.000000 3548.400000 9.388400
923050.000000 606680.000000 3387.200000 3.290300
923050.000000 607930.000000 3387.200000 1.515400
923050.000000 609180.000000 3306.600000 -0.995390
923050.000000 610430.000000 3226.000000 -0.527190
923050.000000 611430.000000 3145.400000 0.418860
923050.000000 612670.000000 3064.800000 0.457920
923050.000000 613920.000000 3064.800000 0.298810
923050.000000 614920.000000 2823.000000 0.241420
923050.000000 616170.000000 3145.400000 4.901000
923050.000000 617420.000000 3306.600000 10.034000
923050.000000 618660.000000 3467.800000 15.875000
923050.000000 619660.000000 3709.600000 20.573000
923050.000000 620910.000000 3548.400000 12.806000
924020.000000 596200.000000 3306.600000 -0.130330
924020.000000 597450.000000 3306.600000 -1.730300
924020.000000 598450.000000 3306.600000 -0.923690
924020.000000 599700.000000 3306.600000 1.472100
924020.000000 600940.000000 3387.200000 5.521300
924020.000000 602190.000000 3548.400000 8.295200
924020.000000 603190.000000 3467.800000 7.611500
924020.000000 604440.000000 3387.200000 5.686800
924020.000000 605690.000000 3387.200000 5.740700
924020.000000 606680.000000 3387.200000 3.742000
924020.000000 607930.000000 3306.600000 0.001898
924020.000000 609180.000000 3306.600000 -1.091400
924020.000000 610430.000000 3226.000000 -2.243400
924020.000000 611430.000000 3145.400000 -1.219900
924020.000000 612670.000000 3226.000000 0.860200
924020.000000 613920.000000 3226.000000 1.509400
924020.000000 614920.000000 2984.200000 -0.361410
924020.000000 616170.000000 3145.400000 1.869700
924020.000000 617420.000000 3226.000000 7.401100
924020.000000 618660.000000 3387.200000 14.415000
924020.000000 619660.000000 3548.400000 19.353000
924020.000000 620910.000000 3709.600000 13.994000
924990.000000 596200.000000 3226.000000 -2.246800
924990.000000 597450.000000 3226.000000 -2.917900
924990.000000 598450.000000 3226.000000 -4.576200
924990.000000 599700.000000 3306.600000 0.153140
924990.000000 600940.000000 3306.600000 1.576000
924990.000000 602190.000000 3306.600000 1.147500
924990.000000 603190.000000 3306.600000 1.387700
924990.000000 604440.000000 3306.600000 2.927000
924990.000000 605690.000000 3306.600000 2.764900
924990.000000 606680.000000 3306.600000 0.331800
924990.000000 607930.000000 3306.600000 -1.213900
924990.000000 609180.000000 3306.600000 -2.813300
924990.000000 610430.000000 3306.600000 -3.089600
924990.000000 611430.000000 3226.000000 -3.434700
924990.000000 612670.000000 3306.600000 1.618600
924990.000000 613920.000000 3306.600000 -1.534100
924990.000000 614920.000000 3306.600000 -0.901960
924990.000000 616170.000000 3145.400000 -1.343600
924990.000000 617420.000000 3306.600000 9.285100
924990.000000 618660.000000 3387.200000 13.515000
924990.000000 619660.000000 3387.200000 15.886000
924990.000000 620910.000000 3629.000000 12.947000
925960.000000 596200.000000 3226.000000 -3.400100
925960.000000 597450.000000 3226.000000 -3.602100
925960.000000 598450.000000 3226.000000 -5.586600
925960.000000 599700.000000 3226.000000 -5.534000
925960.000000 600940.000000 3226.000000 -4.660500
925960.000000 602190.000000 3226.000000 -3.392000
925960.000000 603190.000000 3226.000000 -2.060200
925960.000000 604440.000000 3306.600000 -0.584930
925960.000000 605690.000000 3306.600000 0.208160
925960.000000 606680.000000 3306.600000 -0.115140
925960.000000 607930.000000 3306.600000 -1.610400
925960.000000 609180.000000 3387.200000 -1.110000
925960.000000 610430.000000 3467.800000 -2.397200
925960.000000 611430.000000 3387.200000 -4.409900
925960.000000 612670.000000 3548.400000 0.527620
925960.000000 613920.000000 3548.400000 -1.972900
925960.000000 614920.000000 3387.200000 -4.294200
925960.000000 616170.000000 3387.200000 2.778500
925960.000000 617420.000000 3387.200000 8.673400
925960.000000 618660.000000 3306.600000 10.876000
925960.000000 619660.000000 3387.200000 14.126000
925960.000000 620910.000000 3548.400000 11.459000
926740.000000 596200.000000 3306.600000 -4.082900
926740.000000 597450.000000 3306.600000 -4.217500
926740.000000 598450.000000 3226.000000 -7.829700
926740.000000 599700.000000 3226.000000 -8.729700
926740.000000 600940.000000 3226.000000 -8.222100
926740.000000 602190.000000 3226.000000 -7.840800
926740.000000 603190.000000 3226.000000 -6.982700
926740.000000 604440.000000 3306.600000 -3.790500
926740.000000 605690.000000 3306.600000 -2.825900
926740.000000 606680.000000 3306.600000 -3.612100
926740.000000 607930.000000 3387.200000 -0.981050
926740.000000 609180.000000 3387.200000 -2.688600
926740.000000 610430.000000 3467.800000 -3.905900
926740.000000 611430.000000 3629.000000 -6.152200
926740.000000 612670.000000 3709.600000 -1.152900
926740.000000 613920.000000 3709.600000 -1.271700
926740.000000 614920.000000 3548.400000 -1.379800
926740.000000 616170.000000 3629.000000 7.816000
926740.000000 617420.000000 3467.800000 9.987800
926740.000000 618660.000000 3387.200000 11.439000
926740.000000 619660.000000 3387.200000 13.811000
926740.000000 620910.000000 3548.400000 10.923000
927710.000000 596200.000000 3387.200000 -3.627400
927710.000000 597450.000000 3306.600000 -7.142200
927710.000000 598450.000000 3306.600000 -8.899400
927710.000000 599700.000000 3226.000000 -11.580000
927710.000000 600940.000000 3226.000000 -14.028000
927710.000000 602190.000000 3226.000000 -13.346000
927710.000000 603190.000000 3226.000000 -12.450000
927710.000000 604440.000000 3226.000000 -11.616000
927710.000000 605690.000000 3306.600000 -8.740500
927710.000000 606680.000000 3306.600000 -8.570100
927710.000000 607930.000000 3387.200000 -6.615400
927710.000000 609180.000000 3467.800000 -2.986100
927710.000000 610430.000000 3629.000000 -1.530300
927710.000000 611430.000000 3709.600000 -5.317200
927710.000000 612670.000000 3951.400000 2.749200
927710.000000 613920.000000 3790.200000 2.404300
927710.000000 614920.000000 3790.200000 5.725300
927710.000000 616170.000000 3709.600000 9.899900
927710.000000 617420.000000 3548.400000 10.214000
927710.000000 618660.000000 3467.800000 11.936000
927710.000000 619660.000000 3548.400000 15.776000
927710.000000 620910.000000 3629.000000 10.407000
928680.000000 596200.000000 3387.200000 -4.727300
928680.000000 597450.000000 3387.200000 -6.643000
928680.000000 598450.000000 3306.600000 -12.931000
928680.000000 599700.000000 3226.000000 -13.707000
928680.000000 600940.000000 3226.000000 -14.592000
928680.000000 602190.000000 3226.000000 -17.334000
928680.000000 603190.000000 3226.000000 -16.987000
928680.000000 604440.000000 3226.000000 -15.275000
928680.000000 605690.000000 3306.600000 -12.455000
928680.000000 606680.000000 3306.600000 -12.133000
928680.000000 607930.000000 3387.200000 -8.976800
928680.000000 609180.000000 3467.800000 -6.577000
928680.000000 610430.000000 3629.000000 -4.057300
928680.000000 611430.000000 3870.800000 -1.100900
928680.000000 612670.000000 3870.800000 -2.040000
928680.000000 613920.000000 3870.800000 2.344900
928680.000000 614920.000000 3951.400000 7.537600
928680.000000 616170.000000 3709.600000 7.182200
928680.000000 617420.000000 3629.000000 9.968400
928680.000000 618660.000000 3548.400000 12.279000
928680.000000 619660.000000 3548.400000 13.012000
928680.000000 620910.000000 3709.600000 10.444000
929460.000000 596200.000000 3306.600000 -6.652800
929460.000000 597450.000000 3306.600000 -12.536000
929460.000000 598450.000000 3306.600000 -16.568000
929460.000000 599700.000000 3226.000000 -17.652000
929460.000000 600940.000000 3226.000000 -14.874000
929460.000000 602190.000000 3226.000000 -16.838000
929460.000000 603190.000000 3226.000000 -16.477000
929460.000000 604440.000000 3226.000000 -15.149000
929460.000000 605690.000000 3306.600000 -12.189000
929460.000000 606680.000000 3306.600000 -12.379000
929460.000000 607930.000000 3387.200000 -10.249000
929460.000000 609180.000000 3467.800000 -8.435800
929460.000000 610430.000000 3629.000000 -6.283400
929460.000000 611430.000000 3790.200000 -2.574900
929460.000000 612670.000000 3870.800000 -5.897900
929460.000000 613920.000000 3790.200000 -3.773200
929460.000000 614920.000000 3709.600000 -1.577400
929460.000000 616170.000000 3790.200000 6.189500
929460.000000 617420.000000 3709.600000 9.537000
929460.000000 618660.000000 3548.400000 9.860600
929460.000000 619660.000000 3467.800000 9.261300
929460.000000 620910.000000 3548.400000 7.362000
930430.000000 596200.000000 3306.600000 -9.417000
930430.000000 597450.000000 3306.600000 -15.692000
930430.000000 598450.000000 3306.600000 -17.840000
930430.000000 599700.000000 3306.600000 -18.707000
930430.000000 600940.000000 3226.000000 -16.240000
930430.000000 602190.000000 3226.000000 -14.420000
930430.000000 603190.000000 3226.000000 -13.254000
930430.000000 604440.000000 3226.000000 -13.562000
930430.000000 605690.000000 3306.600000 -10.669000
930430.000000 606680.000000 3306.600000 -13.542000
930430.000000 607930.000000 3387.200000 -11.082000
930430.000000 609180.000000 3467.800000 -7.488800
930430.000000 610430.000000 3629.000000 -6.266100
930430.000000 611430.000000 3709.600000 -5.336300
930430.000000 612670.000000 3790.200000 -9.064200
930430.000000 613920.000000 3709.600000 -11.210000
930430.000000 614920.000000 3629.000000 -6.410600
930430.000000 616170.000000 3387.200000 -8.034100
930430.000000 617420.000000 3467.800000 0.390910
930430.000000 618660.000000 3387.200000 2.734300
930430.000000 619660.000000 3306.600000 3.782100
930430.000000 620910.000000 3306.600000 2.026600
931400.000000 596200.000000 3306.600000 -9.661700
931400.000000 597450.000000 3387.200000 -13.538000
931400.000000 598450.000000 3306.600000 -18.006000
931400.000000 599700.000000 3306.600000 -17.721000
931400.000000 600940.000000 3226.000000 -17.088000
931400.000000 602190.000000 3226.000000 -13.445000
931400.000000 603190.000000 3226.000000 -11.405000
931400.000000 604440.000000 3226.000000 -10.353000
931400.000000 605690.000000 3226.000000 -11.994000
931400.000000 606680.000000 3306.600000 -13.810000
931400.000000 607930.000000 3387.200000 -13.600000
931400.000000 609180.000000 3387.200000 -12.645000
931400.000000 610430.000000 3548.400000 -8.184700
931400.000000 611430.000000 3709.600000 -7.434000
931400.000000 612670.000000 3870.800000 -7.675100
931400.000000 613920.000000 3790.200000 -7.964400
931400.000000 614920.000000 3790.200000 -3.100200
931400.000000 616170.000000 3387.200000 -11.338000
931400.000000 617420.000000 3226.000000 -9.611000
931400.000000 618660.000000 3226.000000 -5.213900
931400.000000 619660.000000 3306.600000 0.566540
931400.000000 620910.000000 3145.400000 -2.484700
932380.000000 596200.000000 3387.200000 -7.229700
932380.000000 597450.000000 3306.600000 -12.837000
932380.000000 598450.000000 3387.200000 -13.572000
932380.000000 599700.000000 3226.000000 -17.636000
932380.000000 600940.000000 3226.000000 -13.269000
932380.000000 602190.000000 3226.000000 -11.849000
932380.000000 603190.000000 3226.000000 -7.954600
932380.000000 604440.000000 3226.000000 -7.813700
932380.000000 605690.000000 3226.000000 -9.300700
932380.000000 606680.000000 3306.600000 -9.873100
932380.000000 607930.000000 3306.600000 -13.182000
932380.000000 609180.000000 3387.200000 -16.089000
932380.000000 610430.000000 3548.400000 -10.418000
932380.000000 611430.000000 3629.000000 -10.715000
932380.000000 612670.000000 3709.600000 -11.719000
932380.000000 613920.000000 3790.200000 -6.542100
932380.000000 614920.000000 3790.200000 -3.464100
932380.000000 616170.000000 3467.800000 -10.080000
932380.000000 617420.000000 3387.200000 -6.484500
932380.000000 618660.000000 3064.800000 -11.162000
932380.000000 619660.000000 3064.800000 -7.954500
932380.000000 620910.000000 3145.400000 -3.903200
933150.000000 596200.000000 3306.600000 -7.719300
933150.000000 597450.000000 3306.600000 -10.444000
933150.000000 598450.000000 3306.600000 -12.109000
933150.000000 599700.000000 3306.600000 -11.758000
933150.000000 600940.000000 3226.000000 -11.764000
933150.000000 602190.000000 3226.000000 -8.731100
933150.000000 603190.000000 3226.000000 -6.148300
933150.000000 604440.000000 3226.000000 -7.616800
933150.000000 605690.000000 3226.000000 -9.749500
933150.000000 606680.000000 3226.000000 -12.033000
933150.000000 607930.000000 3306.600000 -12.447000
933150.000000 609180.000000 3387.200000 -13.075000
933150.000000 610430.000000 3387.200000 -16.022000
933150.000000 611430.000000 3548.400000 -12.334000
933150.000000 612670.000000 3709.600000 -10.440000
933150.000000 613920.000000 3790.200000 -4.750400
933150.000000 614920.000000 3709.600000 -3.684000
933150.000000 616170.000000 3629.000000 -3.223900
933150.000000 617420.000000 3226.000000 -9.804200
933150.000000 618660.000000 3145.400000 -8.791500
933150.000000 619660.000000 2903.600000 -12.770000
933150.000000 620910.000000 2984.200000 -7.608100
934120.000000 596200.000000 3387.200000 -3.486300
934120.000000 597450.000000 3306.600000 -7.273800
934120.000000 598450.000000 3306.600000 -8.550200
934120.000000 599700.000000 3306.600000 -9.228900
934120.000000 600940.000000 3306.600000 -5.782100
934120.000000 602190.000000 3226.000000 -6.446300
934120.000000 603190.000000 3226.000000 -5.910700
934120.000000 604440.000000 3226.000000 -7.944800
934120.000000 605690.000000 3226.000000 -12.917000
934120.000000 606680.000000 3226.000000 -16.338000
934120.000000 607930.000000 3226.000000 -16.666000
934120.000000 609180.000000 3306.600000 -16.308000
934120.000000 610430.000000 3467.800000 -13.085000
934120.000000 611430.000000 3387.200000 -17.179000
934120.000000 612670.000000 3629.000000 -8.987300
934120.000000 613920.000000 3629.000000 -4.366700
934120.000000 614920.000000 3387.200000 -9.973400
934120.000000 616170.000000 3548.400000 -2.311400
934120.000000 617420.000000 3306.600000 -5.814900
934120.000000 618660.000000 3145.400000 -6.150500
934120.000000 619660.000000 3145.400000 -4.762600
934120.000000 620910.000000 2823.000000 -10.706000
935100.000000 596200.000000 3387.200000 -1.150400
935100.000000 597450.000000 3306.600000 -3.585100
935100.000000 598450.000000 3306.600000 -5.350000
935100.000000 599700.000000 3306.600000 -7.278800
935100.000000 600940.000000 3306.600000 -7.960600
935100.000000 602190.000000 3306.600000 -7.597000
935100.000000 603190.000000 3226.000000 -8.565800
935100.000000 604440.000000 3145.400000 -9.462700
935100.000000 605690.000000 3226.000000 -11.051000
935100.000000 606680.000000 3226.000000 -16.227000
935100.000000 607930.000000 3226.000000 -20.322000
935100.000000 609180.000000 3226.000000 -20.791000
935100.000000 610430.000000 3306.600000 -19.655000
935100.000000 611430.000000 3387.200000 -17.943000
935100.000000 612670.000000 3467.800000 -12.744000
935100.000000 613920.000000 3467.800000 -7.124400
935100.000000 614920.000000 3387.200000 -5.904100
935100.000000 616170.000000 3387.200000 -4.032100
935100.000000 617420.000000 3226.000000 -5.987500
935100.000000 618660.000000 3226.000000 -3.980500
935100.000000 619660.000000 2984.200000 -6.525400
935100.000000 620910.000000 2984.200000 -6.508100
935870.000000 596200.000000 3387.200000 -0.200650
935870.000000 597450.000000 3306.600000 -1.234800
935870.000000 598450.000000 3306.600000 -3.619800
935870.000000 599700.000000 3306.600000 -6.196500
935870.000000 600940.000000 3306.600000 -9.339200
935870.000000 602190.000000 3306.600000 -11.224000
935870.000000 603190.000000 3306.600000 -9.252300
935870.000000 604440.000000 3226.000000 -5.630400
935870.000000 605690.000000 3145.400000 -12.733000
935870.000000 606680.000000 3226.000000 -14.229000
935870.000000 607930.000000 3226.000000 -20.374000
935870.000000 609180.000000 3226.000000 -22.266000
935870.000000 610430.000000 3226.000000 -21.829000
935870.000000 611430.000000 3387.200000 -15.890000
935870.000000 612670.000000 3387.200000 -12.386000
935870.000000 613920.000000 3467.800000 -6.388900
935870.000000 614920.000000 3387.200000 -5.575300
935870.000000 616170.000000 3145.400000 -9.200100
935870.000000 617420.000000 3145.400000 -6.569100
935870.000000 618660.000000 3226.000000 -1.597700
935870.000000 619660.000000 3064.800000 -3.830600
935870.000000 620910.000000 2984.200000 -5.575600
936840.000000 596200.000000 3306.600000 0.338100
936840.000000 597450.000000 3387.200000 3.199600
936840.000000 598450.000000 3387.200000 0.695020
936840.000000 599700.000000 3387.200000 -0.844770
936840.000000 600940.000000 3306.600000 -8.727700
936840.000000 602190.000000 3387.200000 -9.455300
936840.000000 603190.000000 3306.600000 -7.458000
936840.000000 604440.000000 3306.600000 -3.077500
936840.000000 605690.000000 3145.400000 -8.987500
936840.000000 606680.000000 3145.400000 -14.482000
936840.000000 607930.000000 3145.400000 -21.604000
936840.000000 609180.000000 3226.000000 -21.773000
936840.000000 610430.000000 3226.000000 -22.321000
936840.000000 611430.000000 3306.600000 -17.235000
936840.000000 612670.000000 3306.600000 -14.323000
936840.000000 613920.000000 3467.800000 -6.281300
936840.000000 614920.000000 3306.600000 -8.530200
936840.000000 616170.000000 3226.000000 -8.365400
936840.000000 617420.000000 3145.400000 -5.622100
936840.000000 618660.000000 3064.800000 -6.086400
936840.000000 619660.000000 2984.200000 -5.479100
936840.000000 620910.000000 2984.200000 -4.654100
937820.000000 596200.000000 3306.600000 2.076900
937820.000000 597450.000000 3306.600000 3.326800
937820.000000 598450.000000 3387.200000 2.780300
937820.000000 599700.000000 3467.800000 3.115100
937820.000000 600940.000000 3387.200000 -1.388100
937820.000000 602190.000000 3467.800000 -3.510500
937820.000000 603190.000000 3387.200000 -3.704100
937820.000000 604440.000000 3387.200000 -1.287400
937820.000000 605690.000000 3226.000000 -5.073100
937820.000000 606680.000000 3145.400000 -13.460000
937820.000000 607930.000000 3145.400000 -19.983000
937820.000000 609180.000000 3145.400000 -22.156000
937820.000000 610430.000000 3226.000000 -21.749000
937820.000000 611430.000000 3226.000000 -18.719000
937820.000000 612670.000000 3306.600000 -13.104000
937820.000000 613920.000000 3387.200000 -7.929700
937820.000000 614920.000000 3467.800000 -3.509000
937820.000000 616170.000000 3306.600000 -5.718100
937820.000000 617420.000000 3387.200000 0.636800
937820.000000 618660.000000 3226.000000 0.169120
937820.000000 619660.000000 3226.000000 3.155600
937820.000000 620910.000000 3064.800000 -4.086300
938790.000000 596200.000000 3306.600000 3.950900
938790.000000 597450.000000 3306.600000 4.888700
938790.000000 598450.000000 3387.200000 5.332700
938790.000000 599700.000000 3467.800000 5.406100
938790.000000 600940.000000 3467.800000 1.546500
938790.000000 602190.000000 3467.800000 -1.061300
938790.000000 603190.000000 3467.800000 -2.423200
938790.000000 604440.000000 3387.200000 -1.649200
938790.000000 605690.000000 3226.000000 -4.930800
938790.000000 606680.000000 3145.400000 -11.420000
938790.000000 607930.000000 3145.400000 -18.581000
938790.000000 609180.000000 3145.400000 -19.313000
938790.000000 610430.000000 3145.400000 -20.720000
938790.000000 611430.000000 3226.000000 -17.284000
938790.000000 612670.000000 3306.600000 -12.389000
938790.000000 613920.000000 3306.600000 -7.980600
938790.000000 614920.000000 3387.200000 -4.316900
938790.000000 616170.000000 3467.800000 1.155300
938790.000000 617420.000000 3387.200000 3.061700
938790.000000 618660.000000 3467.800000 6.877600
938790.000000 619660.000000 3226.000000 3.354200
938790.000000 620910.000000 3226.000000 1.724700
939570.000000 596200.000000 3306.600000 4.043800
939570.000000 597450.000000 3306.600000 6.900800
939570.000000 598450.000000 3387.200000 6.128600
939570.000000 599700.000000 3467.800000 5.044800
939570.000000 600940.000000 3548.400000 4.024800
939570.000000 602190.000000 3629.000000 2.336300
939570.000000 603190.000000 3548.400000 0.087310
939570.000000 604440.000000 3387.200000 -3.271100
939570.000000 605690.000000 3306.600000 -4.187900
939570.000000 606680.000000 3226.000000 -9.014600
939570.000000 607930.000000 3145.400000 -11.419000
939570.000000 609180.000000 3145.400000 -14.159000
939570.000000 610430.000000 3145.400000 -16.051000
939570.000000 611430.000000 3226.000000 -12.887000
939570.000000 612670.000000 3306.600000 -9.652300
939570.000000 613920.000000 3306.600000 -6.314300
939570.000000 614920.000000 3467.800000 1.206500
939570.000000 616170.000000 3548.400000 5.162000
939570.000000 617420.000000 3467.800000 6.741600
939570.000000 618660.000000 3387.200000 6.418000
939570.000000 619660.000000 3548.400000 9.328300
939570.000000 620910.000000 3548.400000 6.581700
940540.000000 596200.000000 3306.600000 0.988770
940540.000000 597450.000000 3306.600000 4.122200
940540.000000 598450.000000 3387.200000 3.085700
940540.000000 599700.000000 3548.400000 3.244100
940540.000000 600940.000000 3709.600000 3.095500
940540.000000 602190.000000 3629.000000 0.364710
940540.000000 603190.000000 3467.800000 -5.074000
940540.000000 604440.000000 3387.200000 -7.200700
940540.000000 605690.000000 3226.000000 -10.390000
940540.000000 606680.000000 3226.000000 -7.520600
940540.000000 607930.000000 3064.800000 -9.239800
940540.000000 609180.000000 3145.400000 -10.479000
940540.000000 610430.000000 3226.000000 -9.475700
940540.000000 611430.000000 3226.000000 -8.329100
940540.000000 612670.000000 3226.000000 -7.605900
940540.000000 613920.000000 3306.600000 -3.417200
940540.000000 614920.000000 3387.200000 -0.736270
940540.000000 616170.000000 3548.400000 2.237300
940540.000000 617420.000000 3548.400000 3.717000
940540.000000 618660.000000 3548.400000 6.223400
940540.000000 619660.000000 3709.600000 7.504400
940540.000000 620910.000000 3548.400000 4.214600
